2.199000000000000121e-01
3.382000000000000006e-01
1.719999999999999862e-01
2.893000000000000016e-01
1.602999999999999980e-01
2.853999999999999870e-01
1.328999999999999904e-01
2.600000000000000089e-01
1.358999999999999930e-01
2.697999999999999843e-01
1.173000000000000015e-01
2.776000000000000134e-01
1.338999999999999913e-01
2.677999999999999825e-01
1.212000000000000022e-01
2.786000000000000143e-01
1.368999999999999939e-01
2.659000000000000252e-01
1.232000000000000040e-01
2.757000000000000006e-01
1.368999999999999939e-01
2.620000000000000107e-01
1.212000000000000022e-01
2.736999999999999988e-01
1.368999999999999939e-01
2.610000000000000098e-01
1.212000000000000022e-01
2.736999999999999988e-01
1.095000000000000001e-01
2.580999999999999961e-01
1.202000000000000013e-01
2.716999999999999971e-01
1.074999999999999983e-01
2.550999999999999934e-01
1.173000000000000015e-01
2.677999999999999825e-01
1.055999999999999994e-01
2.521999999999999797e-01
1.152999999999999997e-01
2.649000000000000243e-01
1.016999999999999987e-01
2.482999999999999929e-01
1.152999999999999997e-01
2.620000000000000107e-01
1.016999999999999987e-01
2.707999999999999852e-01
1.173000000000000015e-01
2.610000000000000098e-01
1.025999999999999968e-01
2.726999999999999980e-01
1.232000000000000040e-01
2.620000000000000107e-01
1.084999999999999992e-01
2.746999999999999997e-01
1.260999999999999899e-01
2.630000000000000115e-01
1.123999999999999999e-01
2.776000000000000134e-01
1.045999999999999985e-01
2.639000000000000234e-01
1.163000000000000006e-01
2.786000000000000143e-01
1.074999999999999983e-01
2.649000000000000243e-01
1.212000000000000022e-01
2.814999999999999725e-01
1.113999999999999990e-01
2.669000000000000261e-01
1.270999999999999908e-01
2.834999999999999742e-01
1.144000000000000017e-01
2.677999999999999825e-01
1.290000000000000036e-01
2.853999999999999870e-01
1.173000000000000015e-01
2.923000000000000043e-01
1.300000000000000044e-01
2.824999999999999734e-01
1.163000000000000006e-01
2.913000000000000034e-01
1.320000000000000062e-01
2.796000000000000152e-01
1.173000000000000015e-01
2.903000000000000025e-01
1.320000000000000062e-01
2.786000000000000143e-01
1.144000000000000017e-01
2.873999999999999888e-01
1.280999999999999917e-01
2.736999999999999988e-01
1.084999999999999992e-01
2.903000000000000025e-01
9.969999999999999696e-02
2.776000000000000134e-01
1.084999999999999992e-01
2.933000000000000052e-01
9.379999999999999449e-02
2.766000000000000125e-01
1.074999999999999983e-01
2.952000000000000179e-01
9.679999999999999716e-02
2.796000000000000152e-01
1.152999999999999997e-01
3.029999999999999916e-01
1.074999999999999983e-01
2.903000000000000025e-01
1.300000000000000044e-01
3.176999999999999824e-01
1.232000000000000040e-01
3.332999999999999852e-01
1.436999999999999944e-01
3.255000000000000115e-01
1.290000000000000036e-01
3.392000000000000015e-01
1.486000000000000099e-01
3.255000000000000115e-01
1.310000000000000053e-01
3.382000000000000006e-01
1.466000000000000081e-01
3.186999999999999833e-01
1.232000000000000040e-01
3.294000000000000261e-01
1.055999999999999994e-01
3.079000000000000070e-01
1.152999999999999997e-01
3.176999999999999824e-01
9.579999999999999627e-02
2.923000000000000043e-01
9.969999999999999696e-02
3.029999999999999916e-01
7.820000000000000562e-02
2.757000000000000006e-01
8.500000000000000611e-02
2.883999999999999897e-01
6.550000000000000266e-02
2.630000000000000115e-01
7.820000000000000562e-02
2.786000000000000143e-01
5.569999999999999951e-02
2.873999999999999888e-01
7.140000000000000513e-02
2.716999999999999971e-01
5.179999999999999882e-02
2.824999999999999734e-01
7.040000000000000424e-02
2.716999999999999971e-01
5.279999999999999971e-02
2.883999999999999897e-01
7.720000000000000473e-02
2.796000000000000152e-01
5.960000000000000020e-02
3.010999999999999788e-01
8.989999999999999380e-02
2.933000000000000052e-01
7.330000000000000404e-02
3.176999999999999824e-01
6.650000000000000355e-02
3.069000000000000061e-01
8.019999999999999352e-02
3.332999999999999852e-01
7.140000000000000513e-02
3.195999999999999952e-01
8.599999999999999312e-02
3.489999999999999769e-01
7.040000000000000424e-02
3.313999999999999724e-01
8.409999999999999420e-02
3.627000000000000224e-01
5.960000000000000020e-02
3.421000000000000152e-01
7.430000000000000493e-02
3.763000000000000234e-01
3.910000000000000281e-02
3.987999999999999878e-01
5.469999999999999862e-02
3.910000000000000142e-01
1.080000000000000057e-02
4.223000000000000087e-01
2.929999999999999966e-02
4.183999999999999941e-01
0.000000000000000000e+00
4.769999999999999796e-01
2.899999999999999800e-03
4.907000000000000250e-01
0.000000000000000000e+00
5.649999999999999467e-01
0.000000000000000000e+00
5.483999999999999986e-01
0.000000000000000000e+00
5.572000000000000286e-01
0.000000000000000000e+00
4.789999999999999813e-01
2.350000000000000006e-02
4.761000000000000232e-01
1.559999999999999928e-02
4.144999999999999796e-01
4.689999999999999725e-02
4.203000000000000069e-01
3.520000000000000212e-02
3.704999999999999960e-01
6.450000000000000178e-02
3.831999999999999851e-01
5.279999999999999971e-02
3.811999999999999833e-01
8.409999999999999420e-02
3.568000000000000060e-01
7.040000000000000424e-02
3.607000000000000206e-01
9.679999999999999716e-02
3.382000000000000006e-01
8.210000000000000631e-02
3.459999999999999742e-01
1.084999999999999992e-01
3.245000000000000107e-01
8.989999999999999380e-02
3.342999999999999861e-01
1.173000000000000015e-01
3.166999999999999815e-01
9.579999999999999627e-02
3.294000000000000261e-01
8.799999999999999489e-02
3.099000000000000088e-01
1.016999999999999987e-01
3.245000000000000107e-01
9.089999999999999469e-02
3.049999999999999933e-01
1.055999999999999994e-01
3.215999999999999970e-01
9.379999999999999449e-02
3.020999999999999797e-01
1.084999999999999992e-01
3.215999999999999970e-01
9.379999999999999449e-02
3.010999999999999788e-01
1.095000000000000001e-01
3.205999999999999961e-01
9.379999999999999449e-02
3.323999999999999733e-01
1.095000000000000001e-01
3.245000000000000107e-01
8.899999999999999578e-02
3.371999999999999997e-01
1.095000000000000001e-01
3.275000000000000133e-01
8.599999999999999312e-02
3.441000000000000170e-01
1.055999999999999994e-01
3.323999999999999733e-01
7.820000000000000562e-02
3.528999999999999915e-01
6.060000000000000109e-02
3.402000000000000024e-01
6.650000000000000355e-02
3.655999999999999805e-01
4.689999999999999725e-02
3.518999999999999906e-01
5.469999999999999862e-02
3.811999999999999833e-01
3.130000000000000143e-02
3.635999999999999788e-01
4.009999999999999676e-02
3.997999999999999887e-01
1.080000000000000057e-02
3.803000000000000269e-01
2.539999999999999897e-02
4.203000000000000069e-01
0.000000000000000000e+00
4.456999999999999851e-01
9.799999999999999684e-03
4.359999999999999987e-01
0.000000000000000000e+00
4.526000000000000023e-01
2.050000000000000086e-02
4.242000000000000215e-01
1.000000000000000021e-03
4.233000000000000096e-01
4.009999999999999676e-02
3.870999999999999996e-01
2.350000000000000006e-02
3.860999999999999988e-01
6.260000000000000286e-02
3.528999999999999915e-01
4.689999999999999725e-02
3.587000000000000188e-01
4.299999999999999656e-02
3.284000000000000252e-01
6.260000000000000286e-02
3.362999999999999878e-01
5.870000000000000218e-02
3.099000000000000088e-01
7.720000000000000473e-02
3.215999999999999970e-01
7.040000000000000424e-02
2.972000000000000197e-01
8.799999999999999489e-02
3.128000000000000225e-01
7.920000000000000651e-02
2.903000000000000025e-01
9.779999999999999805e-02
3.079000000000000070e-01
8.309999999999999332e-02
3.166999999999999815e-01
1.025999999999999968e-01
3.039999999999999925e-01
8.989999999999999380e-02
3.138000000000000234e-01
1.074999999999999983e-01
3.010999999999999788e-01
9.089999999999999469e-02
3.128000000000000225e-01
1.113999999999999990e-01
2.990999999999999770e-01
9.379999999999999449e-02
3.128000000000000225e-01
8.409999999999999420e-02
2.990999999999999770e-01
9.579999999999999627e-02
3.138000000000000234e-01
8.500000000000000611e-02
2.980999999999999761e-01
9.579999999999999627e-02
3.166999999999999815e-01
8.110000000000000542e-02
3.000999999999999779e-01
9.579999999999999627e-02
3.225999999999999979e-01
7.920000000000000651e-02
3.049999999999999933e-01
9.189999999999999558e-02
3.304000000000000270e-01
7.230000000000000315e-02
3.489999999999999769e-01
8.409999999999999420e-02
3.451000000000000179e-01
5.870000000000000218e-02
3.665999999999999814e-01
7.040000000000000424e-02
3.655999999999999805e-01
3.620000000000000301e-02
3.938999999999999724e-01
5.079999999999999793e-02
3.948999999999999733e-01
6.799999999999999621e-03
4.300999999999999823e-01
2.350000000000000006e-02
4.252000000000000224e-01
0.000000000000000000e+00
4.672999999999999932e-01
0.000000000000000000e+00
4.409000000000000141e-01
0.000000000000000000e+00
4.496999999999999886e-01
0.000000000000000000e+00
3.997999999999999887e-01
2.249999999999999917e-02
4.037000000000000033e-01
1.559999999999999928e-02
3.587000000000000188e-01
4.590000000000000330e-02
3.645999999999999797e-01
4.009999999999999676e-02
3.235999999999999988e-01
6.650000000000000355e-02
3.342999999999999861e-01
5.770000000000000129e-02
3.352999999999999869e-01
8.309999999999999332e-02
3.156999999999999806e-01
7.230000000000000315e-02
3.205999999999999961e-01
9.479999999999999538e-02
3.039999999999999925e-01
8.210000000000000631e-02
3.128000000000000225e-01
1.045999999999999985e-01
2.962000000000000188e-01
8.989999999999999380e-02
3.069000000000000061e-01
8.409999999999999420e-02
2.903000000000000025e-01
9.479999999999999538e-02
3.039999999999999925e-01
8.899999999999999578e-02
2.863999999999999879e-01
1.006999999999999978e-01
3.029999999999999916e-01
9.089999999999999469e-02
2.844999999999999751e-01
1.006999999999999978e-01
3.029999999999999916e-01
9.289999999999999647e-02
2.834999999999999742e-01
1.074999999999999983e-01
3.010999999999999788e-01
9.189999999999999558e-02
3.099000000000000088e-01
1.074999999999999983e-01
3.010999999999999788e-01
9.679999999999999716e-02
3.099000000000000088e-01
1.123999999999999999e-01
3.020999999999999797e-01
9.479999999999999538e-02
3.156999999999999806e-01
1.134000000000000008e-01
3.049999999999999933e-01
9.479999999999999538e-02
3.195999999999999952e-01
1.123999999999999999e-01
3.079000000000000070e-01
9.189999999999999558e-02
3.275000000000000133e-01
7.920000000000000651e-02
3.166999999999999815e-01
8.500000000000000611e-02
3.421000000000000152e-01
6.940000000000000335e-02
3.294000000000000261e-01
7.530000000000000582e-02
3.587000000000000188e-01
5.380000000000000060e-02
3.451000000000000179e-01
6.160000000000000198e-02
3.783000000000000251e-01
3.620000000000000301e-02
3.587000000000000188e-01
4.789999999999999813e-02
3.938999999999999724e-01
2.249999999999999917e-02
4.076000000000000179e-01
4.399999999999999745e-02
3.881000000000000005e-01
2.249999999999999917e-02
3.968999999999999750e-01
5.179999999999999882e-02
3.704999999999999960e-01
3.230000000000000232e-02
3.724000000000000088e-01
6.740000000000000158e-02
3.451000000000000179e-01
5.179999999999999882e-02
3.459999999999999742e-01
5.079999999999999793e-02
3.195999999999999952e-01
6.550000000000000266e-02
3.255000000000000115e-01
6.450000000000000178e-02
3.000999999999999779e-01
8.110000000000000542e-02
3.109000000000000097e-01
7.720000000000000473e-02
2.883999999999999897e-01
9.289999999999999647e-02
3.000999999999999779e-01
8.500000000000000611e-02
2.776000000000000134e-01
1.006999999999999978e-01
2.942000000000000171e-01
9.189999999999999558e-02
3.020999999999999797e-01
1.084999999999999992e-01
2.923000000000000043e-01
9.579999999999999627e-02
3.000999999999999779e-01
1.123999999999999999e-01
2.883999999999999897e-01
9.969999999999999696e-02
2.990999999999999770e-01
1.163000000000000006e-01
2.873999999999999888e-01
9.969999999999999696e-02
2.980999999999999761e-01
1.183000000000000024e-01
2.863999999999999879e-01
1.006999999999999978e-01
2.990999999999999770e-01
9.289999999999999647e-02
2.863999999999999879e-01
1.025999999999999968e-01
3.020999999999999797e-01
9.289999999999999647e-02
2.863999999999999879e-01
1.035999999999999976e-01
3.039999999999999925e-01
8.989999999999999380e-02
2.883999999999999897e-01
1.025999999999999968e-01
3.099000000000000088e-01
8.799999999999999489e-02
2.942000000000000171e-01
9.679999999999999716e-02
3.186999999999999833e-01
7.720000000000000473e-02
3.352999999999999869e-01
9.089999999999999469e-02
3.313999999999999724e-01
6.550000000000000266e-02
3.528999999999999915e-01
7.920000000000000651e-02
3.489999999999999769e-01
4.989999999999999991e-02
3.783000000000000251e-01
6.350000000000000089e-02
3.744000000000000106e-01
2.249999999999999917e-02
4.086000000000000187e-01
0.000000000000000000e+00
3.997999999999999887e-01
0.000000000000000000e+00
4.389000000000000123e-01
0.000000000000000000e+00
4.153999999999999915e-01
2.899999999999999800e-03
4.349999999999999978e-01
0.000000000000000000e+00
3.860999999999999988e-01
2.740000000000000074e-02
3.930000000000000160e-01
2.249999999999999917e-02
3.459999999999999742e-01
5.569999999999999951e-02
3.548000000000000043e-01
4.590000000000000330e-02
3.499999999999999778e-01
7.430000000000000493e-02
3.265000000000000124e-01
6.550000000000000266e-02
3.275000000000000133e-01
9.289999999999999647e-02
3.079000000000000070e-01
7.720000000000000473e-02
3.138000000000000234e-01
1.035999999999999976e-01
2.962000000000000188e-01
8.699999999999999400e-02
3.059999999999999942e-01
1.095000000000000001e-01
2.883999999999999897e-01
9.289999999999999647e-02
3.000999999999999779e-01
8.699999999999999400e-02
2.834999999999999742e-01
9.869999999999999607e-02
2.980999999999999761e-01
9.189999999999999558e-02
2.805000000000000271e-01
1.045999999999999985e-01
2.972000000000000197e-01
9.289999999999999647e-02
2.786000000000000143e-01
1.084999999999999992e-01
2.962000000000000188e-01
9.379999999999999449e-02
2.766000000000000125e-01
1.084999999999999992e-01
2.972000000000000197e-01
9.289999999999999647e-02
3.089000000000000079e-01
1.084999999999999992e-01
2.990999999999999770e-01
9.189999999999999558e-02
3.118000000000000216e-01
1.084999999999999992e-01
3.039999999999999925e-01
8.799999999999999489e-02
3.225999999999999979e-01
1.064999999999999974e-01
3.099000000000000088e-01
8.019999999999999352e-02
3.332999999999999852e-01
6.260000000000000286e-02
3.225999999999999979e-01
6.940000000000000335e-02
3.518999999999999906e-01
4.689999999999999725e-02
3.402000000000000024e-01
5.079999999999999793e-02
3.773000000000000242e-01
1.959999999999999937e-02
3.635999999999999788e-01
2.829999999999999877e-02
4.076000000000000179e-01
0.000000000000000000e+00
3.850999999999999979e-01
7.799999999999999642e-03
4.310999999999999832e-01
0.000000000000000000e+00
4.486999999999999877e-01
1.959999999999999937e-02
4.183999999999999941e-01
0.000000000000000000e+00
4.193999999999999950e-01
3.910000000000000281e-02
3.811999999999999833e-01
2.249999999999999917e-02
3.803000000000000269e-01
6.060000000000000109e-02
3.441000000000000170e-01
4.499999999999999833e-02
3.469999999999999751e-01
7.820000000000000562e-02
3.148000000000000242e-01
6.260000000000000286e-02
3.225999999999999979e-01
5.670000000000000040e-02
2.952000000000000179e-01
7.820000000000000562e-02
3.079000000000000070e-01
7.040000000000000424e-02
2.834999999999999742e-01
8.989999999999999380e-02
2.980999999999999761e-01
8.019999999999999352e-02
2.746999999999999997e-01
9.969999999999999696e-02
2.913000000000000034e-01
8.599999999999999312e-02
2.687999999999999834e-01
1.055999999999999994e-01
2.863999999999999879e-01
9.089999999999999469e-02
2.962000000000000188e-01
1.113999999999999990e-01
2.834999999999999742e-01
9.379999999999999449e-02
2.942000000000000171e-01
1.134000000000000008e-01
2.805000000000000271e-01
9.579999999999999627e-02
2.942000000000000171e-01
1.173000000000000015e-01
2.796000000000000152e-01
9.969999999999999696e-02
2.952000000000000179e-01
8.799999999999999489e-02
2.786000000000000143e-01
1.016999999999999987e-01
2.972000000000000197e-01
8.699999999999999400e-02
2.776000000000000134e-01
1.016999999999999987e-01
2.980999999999999761e-01
8.599999999999999312e-02
2.796000000000000152e-01
9.779999999999999805e-02
3.010999999999999788e-01
8.210000000000000631e-02
2.834999999999999742e-01
9.579999999999999627e-02
3.069000000000000061e-01
7.620000000000000384e-02
3.245000000000000107e-01
9.289999999999999647e-02
3.156999999999999806e-01
6.740000000000000158e-02
3.371999999999999997e-01
8.699999999999999400e-02
3.284000000000000252e-01
5.569999999999999951e-02
3.548000000000000043e-01
7.430000000000000493e-02
3.441000000000000170e-01
3.910000000000000281e-02
3.773000000000000242e-01
6.260000000000000286e-02
3.607000000000000206e-01
2.350000000000000006e-02
3.920000000000000151e-01
0.000000000000000000e+00
3.635999999999999788e-01
1.859999999999999848e-02
3.910000000000000142e-01
1.000000000000000021e-03
3.518999999999999906e-01
3.130000000000000143e-02
3.704999999999999960e-01
1.559999999999999928e-02
3.284000000000000252e-01
4.689999999999999725e-02
3.441000000000000170e-01
3.320000000000000034e-02
3.049999999999999933e-01
6.650000000000000355e-02
3.186999999999999833e-01
5.079999999999999793e-02
3.245000000000000107e-01
8.019999999999999352e-02
3.000999999999999779e-01
6.350000000000000089e-02
3.089000000000000079e-01
9.379999999999999449e-02
2.893000000000000016e-01
7.820000000000000562e-02
3.010999999999999788e-01
1.016999999999999987e-01
2.796000000000000152e-01
8.599999999999999312e-02
2.962000000000000188e-01
7.720000000000000473e-02
2.757000000000000006e-01
9.379999999999999449e-02
2.933000000000000052e-01
7.920000000000000651e-02
2.726999999999999980e-01
9.579999999999999627e-02
2.913000000000000034e-01
8.110000000000000542e-02
2.716999999999999971e-01
1.006999999999999978e-01
2.933000000000000052e-01
8.019999999999999352e-02
2.736999999999999988e-01
9.869999999999999607e-02
2.952000000000000179e-01
7.920000000000000651e-02
3.128000000000000225e-01
9.969999999999999696e-02
3.010999999999999788e-01
7.620000000000000384e-02
3.235999999999999988e-01
9.379999999999999449e-02
3.089000000000000079e-01
6.650000000000000355e-02
3.362999999999999878e-01
8.799999999999999489e-02
3.225999999999999979e-01
5.870000000000000218e-02
3.548000000000000043e-01
7.820000000000000562e-02
3.362999999999999878e-01
4.689999999999999725e-02
3.684999999999999942e-01
1.959999999999999937e-02
3.402000000000000024e-01
4.009999999999999676e-02
3.684999999999999942e-01
1.660000000000000017e-02
3.323999999999999733e-01
4.689999999999999725e-02
3.518999999999999906e-01
2.639999999999999986e-02
3.128000000000000225e-01
6.260000000000000286e-02
3.275000000000000133e-01
4.499999999999999833e-02
2.903000000000000025e-01
7.820000000000000562e-02
3.029999999999999916e-01
6.260000000000000286e-02
3.128000000000000225e-01
8.989999999999999380e-02
2.873999999999999888e-01
7.430000000000000493e-02
2.990999999999999770e-01
1.016999999999999987e-01
2.757000000000000006e-01
8.599999999999999312e-02
2.913000000000000034e-01
1.134000000000000008e-01
2.687999999999999834e-01
9.479999999999999538e-02
2.853999999999999870e-01
8.309999999999999332e-02
2.639000000000000234e-01
1.006999999999999978e-01
2.814999999999999725e-01
8.799999999999999489e-02
2.620000000000000107e-01
1.055999999999999994e-01
2.786000000000000143e-01
8.899999999999999578e-02
2.600000000000000089e-01
1.095000000000000001e-01
2.776000000000000134e-01
9.379999999999999449e-02
2.600000000000000089e-01
1.113999999999999990e-01
2.776000000000000134e-01
9.379999999999999449e-02
2.933000000000000052e-01
1.123999999999999999e-01
2.814999999999999725e-01
9.379999999999999449e-02
2.980999999999999761e-01
1.144000000000000017e-01
2.834999999999999742e-01
8.989999999999999380e-02
3.069000000000000061e-01
1.105000000000000010e-01
2.893000000000000016e-01
8.599999999999999312e-02
3.176999999999999824e-01
1.074999999999999983e-01
3.010999999999999788e-01
7.820000000000000562e-02
3.352999999999999869e-01
4.789999999999999813e-02
3.176999999999999824e-01
6.350000000000000089e-02
3.558000000000000052e-01
2.539999999999999897e-02
3.352999999999999869e-01
4.590000000000000330e-02
3.734000000000000097e-01
7.799999999999999642e-03
3.451000000000000179e-01
3.910000000000000281e-02
3.754000000000000115e-01
6.799999999999999621e-03
3.342999999999999861e-01
5.079999999999999793e-02
3.518999999999999906e-01
2.740000000000000074e-02
3.617000000000000215e-01
6.650000000000000355e-02
3.215999999999999970e-01
5.079999999999999793e-02
3.313999999999999724e-01
8.599999999999999312e-02
2.972000000000000197e-01
6.840000000000000246e-02
3.109000000000000097e-01
9.779999999999999805e-02
2.814999999999999725e-01
8.309999999999999332e-02
2.972000000000000197e-01
7.040000000000000424e-02
2.697999999999999843e-01
9.379999999999999449e-02
2.863999999999999879e-01
8.019999999999999352e-02
2.620000000000000107e-01
1.025999999999999968e-01
2.786000000000000143e-01
8.599999999999999312e-02
2.580999999999999961e-01
1.095000000000000001e-01
2.746999999999999997e-01
9.379999999999999449e-02
2.550999999999999934e-01
1.152999999999999997e-01
2.736999999999999988e-01
9.779999999999999805e-02
2.903000000000000025e-01
1.193000000000000033e-01
2.736999999999999988e-01
1.016999999999999987e-01
2.913000000000000034e-01
1.212000000000000022e-01
2.736999999999999988e-01
1.025999999999999968e-01
2.913000000000000034e-01
1.241000000000000020e-01
2.746999999999999997e-01
1.025999999999999968e-01
2.972000000000000197e-01
1.193000000000000033e-01
2.796000000000000152e-01
9.379999999999999449e-02
3.059999999999999942e-01
6.650000000000000355e-02
2.903000000000000025e-01
8.599999999999999312e-02
3.176999999999999824e-01
5.569999999999999951e-02
2.980999999999999761e-01
7.230000000000000315e-02
3.323999999999999733e-01
3.710000000000000103e-02
3.148000000000000242e-01
5.870000000000000218e-02
3.459999999999999742e-01
2.350000000000000006e-02
3.186999999999999833e-01
4.889999999999999902e-02
3.431000000000000161e-01
2.440000000000000155e-02
3.597000000000000197e-01
6.160000000000000198e-02
3.225999999999999979e-01
4.889999999999999902e-02
3.304000000000000270e-01
8.019999999999999352e-02
2.942000000000000171e-01
7.430000000000000493e-02
2.980999999999999761e-01
1.016999999999999987e-01
2.726999999999999980e-01
9.779999999999999805e-02
2.746999999999999997e-01
9.479999999999999538e-02
2.531999999999999806e-01
1.152999999999999997e-01
2.560999999999999943e-01
1.144000000000000017e-01
2.424000000000000044e-01
1.290000000000000036e-01
2.472999999999999921e-01
1.280999999999999917e-01
2.356000000000000039e-01
1.388000000000000067e-01
2.414000000000000035e-01
1.358999999999999930e-01
2.316999999999999893e-01
1.466000000000000081e-01
2.384999999999999898e-01
1.436999999999999944e-01
2.414000000000000035e-01
1.504999999999999949e-01
2.366000000000000048e-01
1.486000000000000099e-01
2.434000000000000052e-01
1.554000000000000103e-01
2.384999999999999898e-01
1.504999999999999949e-01
2.454000000000000070e-01
1.574000000000000121e-01
2.414000000000000035e-01
1.514999999999999958e-01
2.492999999999999938e-01
1.564000000000000112e-01
2.462999999999999912e-01
1.466000000000000081e-01
2.560999999999999943e-01
1.378000000000000058e-01
2.521999999999999797e-01
1.408000000000000085e-01
2.659000000000000252e-01
1.260999999999999899e-01
2.620000000000000107e-01
1.310000000000000053e-01
2.786000000000000143e-01
1.123999999999999999e-01
2.736999999999999988e-01
1.163000000000000006e-01
2.942000000000000171e-01
9.089999999999999469e-02
2.903000000000000025e-01
9.579999999999999627e-02
3.176999999999999824e-01
6.740000000000000158e-02
3.459999999999999742e-01
7.620000000000000384e-02
3.294000000000000261e-01
5.569999999999999951e-02
3.459999999999999742e-01
7.820000000000000562e-02
3.166999999999999815e-01
7.330000000000000404e-02
3.205999999999999961e-01
1.006999999999999978e-01
2.903000000000000025e-01
9.579999999999999627e-02
2.903000000000000025e-01
9.379999999999999449e-02
2.669000000000000261e-01
1.152999999999999997e-01
2.669000000000000261e-01
1.134000000000000008e-01
2.492999999999999938e-01
1.310000000000000053e-01
2.501999999999999780e-01
1.280999999999999917e-01
2.366000000000000048e-01
1.398000000000000076e-01
2.404999999999999916e-01
1.368999999999999939e-01
2.296999999999999875e-01
1.466000000000000081e-01
2.336000000000000021e-01
1.426999999999999935e-01
2.374999999999999889e-01
1.514999999999999958e-01
2.316999999999999893e-01
1.476000000000000090e-01
2.356000000000000039e-01
1.554000000000000103e-01
2.286999999999999866e-01
1.524999999999999967e-01
2.336000000000000021e-01
1.564000000000000112e-01
2.278000000000000025e-01
1.524999999999999967e-01
2.336000000000000021e-01
1.584000000000000130e-01
2.286999999999999866e-01
1.524999999999999967e-01
2.346000000000000030e-01
1.476000000000000090e-01
2.286999999999999866e-01
1.524999999999999967e-01
2.374999999999999889e-01
1.456999999999999962e-01
2.316999999999999893e-01
1.504999999999999949e-01
2.404999999999999916e-01
1.426999999999999935e-01
2.366000000000000048e-01
1.456999999999999962e-01
2.492999999999999938e-01
1.378000000000000058e-01
2.434000000000000052e-01
1.398000000000000076e-01
2.610000000000000098e-01
1.250999999999999890e-01
2.796000000000000152e-01
1.280999999999999917e-01
2.786000000000000143e-01
1.084999999999999992e-01
3.039999999999999925e-01
1.123999999999999999e-01
3.000999999999999779e-01
8.409999999999999420e-02
3.265000000000000124e-01
9.579999999999999627e-02
3.166999999999999815e-01
6.650000000000000355e-02
3.371999999999999997e-01
4.590000000000000330e-02
3.118000000000000216e-01
7.430000000000000493e-02
3.176999999999999824e-01
6.840000000000000246e-02
2.863999999999999879e-01
9.579999999999999627e-02
2.873999999999999888e-01
9.479999999999999538e-02
2.600000000000000089e-01
1.163000000000000006e-01
2.620000000000000107e-01
1.152999999999999997e-01
2.404999999999999916e-01
1.320000000000000062e-01
2.434000000000000052e-01
1.300000000000000044e-01
2.444000000000000061e-01
1.416999999999999926e-01
2.326000000000000012e-01
1.398000000000000076e-01
2.366000000000000048e-01
1.486000000000000099e-01
2.268000000000000016e-01
1.446999999999999953e-01
2.316999999999999893e-01
1.544000000000000095e-01
2.238999999999999879e-01
1.496000000000000107e-01
2.296999999999999875e-01
1.584000000000000130e-01
2.228999999999999870e-01
1.524999999999999967e-01
2.286999999999999866e-01
1.496000000000000107e-01
2.218999999999999861e-01
1.534999999999999976e-01
2.286999999999999866e-01
1.486000000000000099e-01
2.218999999999999861e-01
1.534999999999999976e-01
2.306999999999999884e-01
1.486000000000000099e-01
2.258000000000000007e-01
1.534999999999999976e-01
2.356000000000000039e-01
1.466000000000000081e-01
2.286999999999999866e-01
1.514999999999999958e-01
2.434000000000000052e-01
1.398000000000000076e-01
2.580999999999999961e-01
1.446999999999999953e-01
2.560999999999999943e-01
1.280999999999999917e-01
2.757000000000000006e-01
1.348999999999999921e-01
2.766000000000000125e-01
1.084999999999999992e-01
3.020999999999999797e-01
1.193000000000000033e-01
2.980999999999999761e-01
8.210000000000000631e-02
3.284000000000000252e-01
5.179999999999999882e-02
3.118000000000000216e-01
7.140000000000000513e-02
3.342999999999999861e-01
5.670000000000000040e-02
2.990999999999999770e-01
8.500000000000000611e-02
3.079000000000000070e-01
8.210000000000000631e-02
2.716999999999999971e-01
1.055999999999999994e-01
2.776000000000000134e-01
1.016999999999999987e-01
2.472999999999999921e-01
1.241000000000000020e-01
2.550999999999999934e-01
1.173000000000000015e-01
2.550999999999999934e-01
1.368999999999999939e-01
2.414000000000000035e-01
1.320000000000000062e-01
2.424000000000000044e-01
1.466000000000000081e-01
2.296999999999999875e-01
1.408000000000000085e-01
2.346000000000000030e-01
1.544000000000000095e-01
2.258000000000000007e-01
1.466000000000000081e-01
2.296999999999999875e-01
1.592999999999999972e-01
2.228999999999999870e-01
1.514999999999999958e-01
2.286999999999999866e-01
1.476000000000000090e-01
2.209000000000000130e-01
1.544000000000000095e-01
2.268000000000000016e-01
1.504999999999999949e-01
2.179999999999999993e-01
1.564000000000000112e-01
2.268000000000000016e-01
1.524999999999999967e-01
2.179999999999999993e-01
1.584000000000000130e-01
2.278000000000000025e-01
1.514999999999999958e-01
2.179999999999999993e-01
1.574000000000000121e-01
2.296999999999999875e-01
1.486000000000000099e-01
2.384999999999999898e-01
1.564000000000000112e-01
2.336000000000000021e-01
1.456999999999999962e-01
2.444000000000000061e-01
1.554000000000000103e-01
2.404999999999999916e-01
1.398000000000000076e-01
2.541999999999999815e-01
1.504999999999999949e-01
2.511999999999999789e-01
1.300000000000000044e-01
2.697999999999999843e-01
1.113999999999999990e-01
2.639000000000000234e-01
1.152999999999999997e-01
2.883999999999999897e-01
9.089999999999999469e-02
2.746999999999999997e-01
1.006999999999999978e-01
3.069000000000000061e-01
7.430000000000000493e-02
2.814999999999999725e-01
9.379999999999999449e-02
3.099000000000000088e-01
7.530000000000000582e-02
2.716999999999999971e-01
1.035999999999999976e-01
2.913000000000000034e-01
9.189999999999999558e-02
2.923000000000000043e-01
1.202000000000000013e-01
2.649000000000000243e-01
1.105000000000000010e-01
2.669000000000000261e-01
1.338999999999999913e-01
2.444000000000000061e-01
1.241000000000000020e-01
2.472999999999999921e-01
1.446999999999999953e-01
2.296999999999999875e-01
1.348999999999999921e-01
2.346000000000000030e-01
1.514999999999999958e-01
2.209000000000000130e-01
1.436999999999999944e-01
2.286999999999999866e-01
1.408000000000000085e-01
2.159999999999999976e-01
1.496000000000000107e-01
2.258000000000000007e-01
1.446999999999999953e-01
2.131000000000000116e-01
1.564000000000000112e-01
2.228999999999999870e-01
1.486000000000000099e-01
2.121000000000000107e-01
1.574000000000000121e-01
2.218999999999999861e-01
1.504999999999999949e-01
2.111000000000000099e-01
1.602999999999999980e-01
2.218999999999999861e-01
1.504999999999999949e-01
2.286999999999999866e-01
1.622999999999999998e-01
2.228999999999999870e-01
1.514999999999999958e-01
2.326000000000000012e-01
1.622999999999999998e-01
2.258000000000000007e-01
1.504999999999999949e-01
2.366000000000000048e-01
1.622999999999999998e-01
2.296999999999999875e-01
1.496000000000000107e-01
2.434000000000000052e-01
1.388000000000000067e-01
2.336000000000000021e-01
1.456999999999999962e-01
2.531999999999999806e-01
1.310000000000000053e-01
2.404999999999999916e-01
1.388000000000000067e-01
2.630000000000000115e-01
1.222000000000000031e-01
2.462999999999999912e-01
1.348999999999999921e-01
2.726999999999999980e-01
1.105000000000000010e-01
2.501999999999999780e-01
1.310000000000000053e-01
2.757000000000000006e-01
1.035999999999999976e-01
2.913000000000000034e-01
1.300000000000000044e-01
2.707999999999999852e-01
1.074999999999999983e-01
2.824999999999999734e-01
1.358999999999999930e-01
2.560999999999999943e-01
1.163000000000000006e-01
2.649000000000000243e-01
1.426999999999999935e-01
2.394999999999999907e-01
1.280999999999999917e-01
2.492999999999999938e-01
1.496000000000000107e-01
2.268000000000000016e-01
1.388000000000000067e-01
2.366000000000000048e-01
1.320000000000000062e-01
2.209000000000000130e-01
1.476000000000000090e-01
2.306999999999999884e-01
1.398000000000000076e-01
2.151000000000000134e-01
1.534999999999999976e-01
2.258000000000000007e-01
1.456999999999999962e-01
2.111000000000000099e-01
1.584000000000000130e-01
2.218999999999999861e-01
1.496000000000000107e-01
2.101999999999999980e-01
1.612999999999999989e-01
2.209000000000000130e-01
1.524999999999999967e-01
2.278000000000000025e-01
1.652000000000000135e-01
2.209000000000000130e-01
1.544000000000000095e-01
2.296999999999999875e-01
1.661999999999999866e-01
2.209000000000000130e-01
1.554000000000000103e-01
2.316999999999999893e-01
1.661999999999999866e-01
2.209000000000000130e-01
1.554000000000000103e-01
2.356000000000000039e-01
1.456999999999999962e-01
2.238999999999999879e-01
1.554000000000000103e-01
2.424000000000000044e-01
1.398000000000000076e-01
2.296999999999999875e-01
1.504999999999999949e-01
2.511999999999999789e-01
1.310000000000000053e-01
2.356000000000000039e-01
1.436999999999999944e-01
2.610000000000000098e-01
1.183000000000000024e-01
2.424000000000000044e-01
1.348999999999999921e-01
2.707999999999999852e-01
1.035999999999999976e-01
2.990999999999999770e-01
1.290000000000000036e-01
2.726999999999999980e-01
9.869999999999999607e-02
2.990999999999999770e-01
1.320000000000000062e-01
2.669000000000000261e-01
1.105000000000000010e-01
2.853999999999999870e-01
1.416999999999999926e-01
2.501999999999999780e-01
1.241000000000000020e-01
2.639000000000000234e-01
1.534999999999999976e-01
2.356000000000000039e-01
1.378000000000000058e-01
2.462999999999999912e-01
1.280999999999999917e-01
2.228999999999999870e-01
1.496000000000000107e-01
2.326000000000000012e-01
1.388000000000000067e-01
2.151000000000000134e-01
1.554000000000000103e-01
2.247999999999999998e-01
1.466000000000000081e-01
2.091999999999999971e-01
1.622999999999999998e-01
2.190000000000000002e-01
1.514999999999999958e-01
2.071999999999999953e-01
1.652000000000000135e-01
2.169999999999999984e-01
1.564000000000000112e-01
2.268000000000000016e-01
1.680999999999999994e-01
2.159999999999999976e-01
1.584000000000000130e-01
2.268000000000000016e-01
1.711000000000000021e-01
2.159999999999999976e-01
1.602999999999999980e-01
2.258000000000000007e-01
1.739999999999999880e-01
2.151000000000000134e-01
1.622999999999999998e-01
2.268000000000000016e-01
1.514999999999999958e-01
2.151000000000000134e-01
1.622999999999999998e-01
2.278000000000000025e-01
1.504999999999999949e-01
2.159999999999999976e-01
1.622999999999999998e-01
2.306999999999999884e-01
1.466000000000000081e-01
2.179999999999999993e-01
1.602999999999999980e-01
2.366000000000000048e-01
1.426999999999999935e-01
2.209000000000000130e-01
1.574000000000000121e-01
2.444000000000000061e-01
1.348999999999999921e-01
2.716999999999999971e-01
1.554000000000000103e-01
2.531999999999999806e-01
1.260999999999999899e-01
2.853999999999999870e-01
1.496000000000000107e-01
2.600000000000000089e-01
1.173000000000000015e-01
2.962000000000000188e-01
1.486000000000000099e-01
2.639000000000000234e-01
1.144000000000000017e-01
2.923000000000000043e-01
1.524999999999999967e-01
2.521999999999999797e-01
1.250999999999999890e-01
2.716999999999999971e-01
1.025999999999999968e-01
2.346000000000000030e-01
1.378000000000000058e-01
2.492999999999999938e-01
1.232000000000000040e-01
2.199000000000000121e-01
1.486000000000000099e-01
2.326000000000000012e-01
1.368999999999999939e-01
2.091999999999999971e-01
1.574000000000000121e-01
2.228999999999999870e-01
1.476000000000000090e-01
2.043000000000000094e-01
1.642000000000000126e-01
2.169999999999999984e-01
1.544000000000000095e-01
2.258000000000000007e-01
1.701000000000000012e-01
2.131000000000000116e-01
1.592999999999999972e-01
2.228999999999999870e-01
1.719999999999999862e-01
2.111000000000000099e-01
1.612999999999999989e-01
2.199000000000000121e-01
1.759999999999999898e-01
2.081999999999999962e-01
1.632000000000000117e-01
2.179999999999999993e-01
1.514999999999999958e-01
2.053000000000000103e-01
1.632000000000000117e-01
2.169999999999999984e-01
1.524999999999999967e-01
2.063000000000000111e-01
1.642000000000000126e-01
2.190000000000000002e-01
1.514999999999999958e-01
2.053000000000000103e-01
1.652000000000000135e-01
2.218999999999999861e-01
1.504999999999999949e-01
2.071999999999999953e-01
1.642000000000000126e-01
2.268000000000000016e-01
1.466000000000000081e-01
2.482999999999999929e-01
1.622999999999999998e-01
2.316999999999999893e-01
1.388000000000000067e-01
2.600000000000000089e-01
1.622999999999999998e-01
2.394999999999999907e-01
1.310000000000000053e-01
2.716999999999999971e-01
1.592999999999999972e-01
2.414000000000000035e-01
1.250999999999999890e-01
2.726999999999999980e-01
1.592999999999999972e-01
2.366000000000000048e-01
1.280999999999999917e-01
2.630000000000000115e-01
1.035999999999999976e-01
2.238999999999999879e-01
1.368999999999999939e-01
2.454000000000000070e-01
1.173000000000000015e-01
2.111000000000000099e-01
1.476000000000000090e-01
2.278000000000000025e-01
1.300000000000000044e-01
2.003999999999999948e-01
1.544000000000000095e-01
2.141000000000000125e-01
1.416999999999999926e-01
1.925999999999999934e-01
1.622999999999999998e-01
2.053000000000000103e-01
1.496000000000000107e-01
2.151000000000000134e-01
1.661999999999999866e-01
2.003999999999999948e-01
1.544000000000000095e-01
2.101999999999999980e-01
1.701000000000000012e-01
1.965000000000000080e-01
1.592999999999999972e-01
2.071999999999999953e-01
1.719999999999999862e-01
1.955000000000000071e-01
1.642000000000000126e-01
2.063000000000000111e-01
1.544000000000000095e-01
1.935000000000000053e-01
1.661999999999999866e-01
2.053000000000000103e-01
1.564000000000000112e-01
1.935000000000000053e-01
1.691000000000000003e-01
2.043000000000000094e-01
1.584000000000000130e-01
1.935000000000000053e-01
1.701000000000000012e-01
2.053000000000000103e-01
1.584000000000000130e-01
1.935000000000000053e-01
1.739999999999999880e-01
2.043000000000000094e-01
1.592999999999999972e-01
2.190000000000000002e-01
1.739999999999999880e-01
2.063000000000000111e-01
1.592999999999999972e-01
2.247999999999999998e-01
1.759999999999999898e-01
2.111000000000000099e-01
1.592999999999999972e-01
2.326000000000000012e-01
1.759999999999999898e-01
2.141000000000000125e-01
1.584000000000000130e-01
2.434000000000000052e-01
1.769000000000000017e-01
2.179999999999999993e-01
1.574000000000000121e-01
2.492999999999999938e-01
1.241000000000000020e-01
2.179999999999999993e-01
1.554000000000000103e-01
2.472999999999999921e-01
1.232000000000000040e-01
2.141000000000000125e-01
1.574000000000000121e-01
2.366000000000000048e-01
1.270999999999999908e-01
2.053000000000000103e-01
1.602999999999999980e-01
2.218999999999999861e-01
1.358999999999999930e-01
1.965000000000000080e-01
1.642000000000000126e-01
2.091999999999999971e-01
1.446999999999999953e-01
2.247999999999999998e-01
1.671999999999999875e-01
2.003999999999999948e-01
1.524999999999999967e-01
2.151000000000000134e-01
1.701000000000000012e-01
1.955000000000000071e-01
1.602999999999999980e-01
2.081999999999999962e-01
1.719999999999999862e-01
1.925999999999999934e-01
1.642000000000000126e-01
2.033000000000000085e-01
1.534999999999999976e-01
1.905999999999999917e-01
1.701000000000000012e-01
2.013999999999999957e-01
1.584000000000000130e-01
1.895999999999999908e-01
1.729999999999999871e-01
1.993999999999999939e-01
1.622999999999999998e-01
1.895999999999999908e-01
1.759999999999999898e-01
1.975000000000000089e-01
1.642000000000000126e-01
1.887000000000000066e-01
1.769000000000000017e-01
1.965000000000000080e-01
1.671999999999999875e-01
2.111000000000000099e-01
1.769000000000000017e-01
1.955000000000000071e-01
1.701000000000000012e-01
2.101999999999999980e-01
1.799000000000000044e-01
1.965000000000000080e-01
1.701000000000000012e-01
2.121000000000000107e-01
1.799000000000000044e-01
1.975000000000000089e-01
1.711000000000000021e-01
2.141000000000000125e-01
1.827999999999999903e-01
2.003999999999999948e-01
1.719999999999999862e-01
2.179999999999999993e-01
1.496000000000000107e-01
2.033000000000000085e-01
1.739999999999999880e-01
2.238999999999999879e-01
1.446999999999999953e-01
2.043000000000000094e-01
1.729999999999999871e-01
2.286999999999999866e-01
1.388000000000000067e-01
2.013999999999999957e-01
1.749999999999999889e-01
2.268000000000000016e-01
1.436999999999999944e-01
1.993999999999999939e-01
1.789000000000000035e-01
2.199000000000000121e-01
1.514999999999999958e-01
2.511999999999999789e-01
1.779000000000000026e-01
2.091999999999999971e-01
1.584000000000000130e-01
2.306999999999999884e-01
1.779000000000000026e-01
1.993999999999999939e-01
1.632000000000000117e-01
2.159999999999999976e-01
1.779000000000000026e-01
1.935000000000000053e-01
1.680999999999999994e-01
2.043000000000000094e-01
1.524999999999999967e-01
1.887000000000000066e-01
1.711000000000000021e-01
1.983999999999999930e-01
1.592999999999999972e-01
1.867000000000000048e-01
1.739999999999999880e-01
1.945000000000000062e-01
1.661999999999999866e-01
1.867000000000000048e-01
1.779000000000000026e-01
1.915999999999999925e-01
1.719999999999999862e-01
1.857000000000000040e-01
1.789000000000000035e-01
1.915999999999999925e-01
1.739999999999999880e-01
2.033000000000000085e-01
1.827999999999999903e-01
1.925999999999999934e-01
1.769000000000000017e-01
2.013999999999999957e-01
1.837999999999999912e-01
1.915999999999999925e-01
1.799000000000000044e-01
1.993999999999999939e-01
1.847999999999999921e-01
1.905999999999999917e-01
1.807999999999999885e-01
2.003999999999999948e-01
1.867000000000000048e-01
1.915999999999999925e-01
1.807999999999999885e-01
2.003999999999999948e-01
1.719999999999999862e-01
1.935000000000000053e-01
1.847999999999999921e-01
2.023000000000000076e-01
1.729999999999999871e-01
1.935000000000000053e-01
1.867000000000000048e-01
2.043000000000000094e-01
1.729999999999999871e-01
1.965000000000000080e-01
1.895999999999999908e-01
2.071999999999999953e-01
1.759999999999999898e-01
1.915999999999999925e-01
1.915999999999999925e-01
2.053000000000000103e-01
1.739999999999999880e-01
2.258000000000000007e-01
1.925999999999999934e-01
2.013999999999999957e-01
1.759999999999999898e-01
2.169999999999999984e-01
1.905999999999999917e-01
1.955000000000000071e-01
1.769000000000000017e-01
2.043000000000000094e-01
1.867000000000000048e-01
1.887000000000000066e-01
1.759999999999999898e-01
1.955000000000000071e-01
1.622999999999999998e-01
1.817999999999999894e-01
1.749999999999999889e-01
1.887000000000000066e-01
1.661999999999999866e-01
1.807999999999999885e-01
1.759999999999999898e-01
1.867000000000000048e-01
1.729999999999999871e-01
1.789000000000000035e-01
1.789000000000000035e-01
1.847999999999999921e-01
1.749999999999999889e-01
1.789000000000000035e-01
1.799000000000000044e-01
1.837999999999999912e-01
1.769000000000000017e-01
1.895999999999999908e-01
1.827999999999999903e-01
1.837999999999999912e-01
1.779000000000000026e-01
1.877000000000000057e-01
1.827999999999999903e-01
1.847999999999999921e-01
1.807999999999999885e-01
1.887000000000000066e-01
1.847999999999999921e-01
1.827999999999999903e-01
1.807999999999999885e-01
1.877000000000000057e-01
1.857000000000000040e-01
1.817999999999999894e-01
1.837999999999999912e-01
1.867000000000000048e-01
1.799000000000000044e-01
1.827999999999999903e-01
1.847999999999999921e-01
1.867000000000000048e-01
1.807999999999999885e-01
1.827999999999999903e-01
1.867000000000000048e-01
1.877000000000000057e-01
1.837999999999999912e-01
1.827999999999999903e-01
1.905999999999999917e-01
1.895999999999999908e-01
1.857000000000000040e-01
1.817999999999999894e-01
1.955000000000000071e-01
1.895999999999999908e-01
1.887000000000000066e-01
1.983999999999999930e-01
1.983999999999999930e-01
1.895999999999999908e-01
1.925999999999999934e-01
1.993999999999999939e-01
2.013999999999999957e-01
1.877000000000000057e-01
1.925999999999999934e-01
1.975000000000000089e-01
2.023000000000000076e-01
1.837999999999999912e-01
1.915999999999999925e-01
1.935000000000000053e-01
1.789000000000000035e-01
1.799000000000000044e-01
1.895999999999999908e-01
1.887000000000000066e-01
1.779000000000000026e-01
1.749999999999999889e-01
1.857000000000000040e-01
1.827999999999999903e-01
1.759999999999999898e-01
1.719999999999999862e-01
1.837999999999999912e-01
1.789000000000000035e-01
1.789000000000000035e-01
1.701000000000000012e-01
1.857000000000000040e-01
1.729999999999999871e-01
1.827999999999999903e-01
1.789000000000000035e-01
1.877000000000000057e-01
1.729999999999999871e-01
1.857000000000000040e-01
1.769000000000000017e-01
1.895999999999999908e-01
1.719999999999999862e-01
1.857000000000000040e-01
1.769000000000000017e-01
1.905999999999999917e-01
1.719999999999999862e-01
1.877000000000000057e-01
1.769000000000000017e-01
1.925999999999999934e-01
1.711000000000000021e-01
1.895999999999999908e-01
1.759999999999999898e-01
1.867000000000000048e-01
1.719999999999999862e-01
1.915999999999999925e-01
1.769000000000000017e-01
1.877000000000000057e-01
1.711000000000000021e-01
1.935000000000000053e-01
1.769000000000000017e-01
1.905999999999999917e-01
1.729999999999999871e-01
1.955000000000000071e-01
1.769000000000000017e-01
1.925999999999999934e-01
1.711000000000000021e-01
1.983999999999999930e-01
1.769000000000000017e-01
1.945000000000000062e-01
1.837999999999999912e-01
2.023000000000000076e-01
1.769000000000000017e-01
1.983999999999999930e-01
1.837999999999999912e-01
2.071999999999999953e-01
1.759999999999999898e-01
2.023000000000000076e-01
1.837999999999999912e-01
2.151000000000000134e-01
1.739999999999999880e-01
2.091999999999999971e-01
1.827999999999999903e-01
2.023000000000000076e-01
1.691000000000000003e-01
2.169999999999999984e-01
1.779000000000000026e-01
2.063000000000000111e-01
1.564000000000000112e-01
2.238999999999999879e-01
1.701000000000000012e-01
2.091999999999999971e-01
1.476000000000000090e-01
2.278000000000000025e-01
1.652000000000000135e-01
2.091999999999999971e-01
1.486000000000000099e-01
2.218999999999999861e-01
1.632000000000000117e-01
2.013999999999999957e-01
1.749999999999999889e-01
2.101999999999999980e-01
1.612999999999999989e-01
1.945000000000000062e-01
1.701000000000000012e-01
2.013999999999999957e-01
1.592999999999999972e-01
1.935000000000000053e-01
1.680999999999999994e-01
1.975000000000000089e-01
1.602999999999999980e-01
1.905999999999999917e-01
1.671999999999999875e-01
1.975000000000000089e-01
1.612999999999999989e-01
1.915999999999999925e-01
1.691000000000000003e-01
1.895999999999999908e-01
1.632000000000000117e-01
1.945000000000000062e-01
1.680999999999999994e-01
1.905999999999999917e-01
1.642000000000000126e-01
1.965000000000000080e-01
1.680999999999999994e-01
1.925999999999999934e-01
1.632000000000000117e-01
1.993999999999999939e-01
1.691000000000000003e-01
1.955000000000000071e-01
1.642000000000000126e-01
2.013999999999999957e-01
1.680999999999999994e-01
1.975000000000000089e-01
1.739999999999999880e-01
2.053000000000000103e-01
1.701000000000000012e-01
2.023000000000000076e-01
1.749999999999999889e-01
2.101999999999999980e-01
1.691000000000000003e-01
2.071999999999999953e-01
1.739999999999999880e-01
2.169999999999999984e-01
1.661999999999999866e-01
2.131000000000000116e-01
1.739999999999999880e-01
2.071999999999999953e-01
1.612999999999999989e-01
2.218999999999999861e-01
1.691000000000000003e-01
2.159999999999999976e-01
1.524999999999999967e-01
2.306999999999999884e-01
1.602999999999999980e-01
2.218999999999999861e-01
1.426999999999999935e-01
2.394999999999999907e-01
1.534999999999999976e-01
2.268000000000000016e-01
1.328999999999999904e-01
2.414000000000000035e-01
1.504999999999999949e-01
2.228999999999999870e-01
1.642000000000000126e-01
2.336000000000000021e-01
1.504999999999999949e-01
2.151000000000000134e-01
1.612999999999999989e-01
2.228999999999999870e-01
1.504999999999999949e-01
2.071999999999999953e-01
1.602999999999999980e-01
2.131000000000000116e-01
1.524999999999999967e-01
2.023000000000000076e-01
1.602999999999999980e-01
2.101999999999999980e-01
1.534999999999999976e-01
2.003999999999999948e-01
1.622999999999999998e-01
1.935000000000000053e-01
1.554000000000000103e-01
2.003999999999999948e-01
1.642000000000000126e-01
1.955000000000000071e-01
1.574000000000000121e-01
2.013999999999999957e-01
1.642000000000000126e-01
1.975000000000000089e-01
1.574000000000000121e-01
2.043000000000000094e-01
1.642000000000000126e-01
1.993999999999999939e-01
1.574000000000000121e-01
2.053000000000000103e-01
1.652000000000000135e-01
2.003999999999999948e-01
1.680999999999999994e-01
2.081999999999999962e-01
1.622999999999999998e-01
2.033000000000000085e-01
1.691000000000000003e-01
2.121000000000000107e-01
1.612999999999999989e-01
2.071999999999999953e-01
1.680999999999999994e-01
2.169999999999999984e-01
1.592999999999999972e-01
2.131000000000000116e-01
1.652000000000000135e-01
2.091999999999999971e-01
1.564000000000000112e-01
2.218999999999999861e-01
1.632000000000000117e-01
2.179999999999999993e-01
1.486000000000000099e-01
2.366000000000000048e-01
1.554000000000000103e-01
2.296999999999999875e-01
1.338999999999999913e-01
2.511999999999999789e-01
1.416999999999999926e-01
2.414000000000000035e-01
1.183000000000000024e-01
2.649000000000000243e-01
1.300000000000000044e-01
2.472999999999999921e-01
1.456999999999999962e-01
2.649000000000000243e-01
1.260999999999999899e-01
2.424000000000000044e-01
1.446999999999999953e-01
2.541999999999999815e-01
1.290000000000000036e-01
2.326000000000000012e-01
1.456999999999999962e-01
2.374999999999999889e-01
1.328999999999999904e-01
2.199000000000000121e-01
1.466000000000000081e-01
2.268000000000000016e-01
1.378000000000000058e-01
2.131000000000000116e-01
1.496000000000000107e-01
2.023000000000000076e-01
1.436999999999999944e-01
2.121000000000000107e-01
1.504999999999999949e-01
2.023000000000000076e-01
1.466000000000000081e-01
2.091999999999999971e-01
1.534999999999999976e-01
2.023000000000000076e-01
1.476000000000000090e-01
2.091999999999999971e-01
1.554000000000000103e-01
2.043000000000000094e-01
1.504999999999999949e-01
2.111000000000000099e-01
1.564000000000000112e-01
2.053000000000000103e-01
1.612999999999999989e-01
2.141000000000000125e-01
1.554000000000000103e-01
2.071999999999999953e-01
1.602999999999999980e-01
2.151000000000000134e-01
1.554000000000000103e-01
2.101999999999999980e-01
1.602999999999999980e-01
2.179999999999999993e-01
1.534999999999999976e-01
2.151000000000000134e-01
1.592999999999999972e-01
2.101999999999999980e-01
1.524999999999999967e-01
2.218999999999999861e-01
1.574000000000000121e-01
2.169999999999999984e-01
1.456999999999999962e-01
2.296999999999999875e-01
1.514999999999999958e-01
2.268000000000000016e-01
1.388000000000000067e-01
2.414000000000000035e-01
1.436999999999999944e-01
2.394999999999999907e-01
1.260999999999999899e-01
2.590000000000000080e-01
1.300000000000000044e-01
2.541999999999999815e-01
1.348999999999999921e-01
2.746999999999999997e-01
1.134000000000000008e-01
2.630000000000000115e-01
1.250999999999999890e-01
2.796000000000000152e-01
1.064999999999999974e-01
2.600000000000000089e-01
1.250999999999999890e-01
2.677999999999999825e-01
1.134000000000000008e-01
2.454000000000000070e-01
1.300000000000000044e-01
2.492999999999999938e-01
1.222000000000000031e-01
2.296999999999999875e-01
1.338999999999999913e-01
2.151000000000000134e-01
1.290000000000000036e-01
2.209000000000000130e-01
1.408000000000000085e-01
2.101999999999999980e-01
1.338999999999999913e-01
2.169999999999999984e-01
1.436999999999999944e-01
2.081999999999999962e-01
1.398000000000000076e-01
2.151000000000000134e-01
1.476000000000000090e-01
2.091999999999999971e-01
1.416999999999999926e-01
2.159999999999999976e-01
1.486000000000000099e-01
2.101999999999999980e-01
1.544000000000000095e-01
2.159999999999999976e-01
1.496000000000000107e-01
2.101999999999999980e-01
1.554000000000000103e-01
2.190000000000000002e-01
1.486000000000000099e-01
2.141000000000000125e-01
1.544000000000000095e-01
2.199000000000000121e-01
1.476000000000000090e-01
2.159999999999999976e-01
1.534999999999999976e-01
2.111000000000000099e-01
1.466000000000000081e-01
2.199000000000000121e-01
1.514999999999999958e-01
2.169999999999999984e-01
1.446999999999999953e-01
2.268000000000000016e-01
1.496000000000000107e-01
2.228999999999999870e-01
1.368999999999999939e-01
2.346000000000000030e-01
1.416999999999999926e-01
2.316999999999999893e-01
1.290000000000000036e-01
2.472999999999999921e-01
1.338999999999999913e-01
2.454000000000000070e-01
1.388000000000000067e-01
2.649000000000000243e-01
1.202000000000000013e-01
2.630000000000000115e-01
1.241000000000000020e-01
2.844999999999999751e-01
1.035999999999999976e-01
2.786000000000000143e-01
1.105000000000000010e-01
2.972000000000000197e-01
8.989999999999999380e-02
2.844999999999999751e-01
1.025999999999999968e-01
2.980999999999999761e-01
8.899999999999999578e-02
2.776000000000000134e-01
1.064999999999999974e-01
2.570999999999999952e-01
9.579999999999999627e-02
2.620000000000000107e-01
1.134000000000000008e-01
2.424000000000000044e-01
1.064999999999999974e-01
2.472999999999999921e-01
1.202000000000000013e-01
2.316999999999999893e-01
1.152999999999999997e-01
2.356000000000000039e-01
1.270999999999999908e-01
2.247999999999999998e-01
1.241000000000000020e-01
2.306999999999999884e-01
1.328999999999999904e-01
2.209000000000000130e-01
1.408000000000000085e-01
2.278000000000000025e-01
1.358999999999999930e-01
2.199000000000000121e-01
1.446999999999999953e-01
2.268000000000000016e-01
1.388000000000000067e-01
2.190000000000000002e-01
1.456999999999999962e-01
2.258000000000000007e-01
1.398000000000000076e-01
2.209000000000000130e-01
1.456999999999999962e-01
2.169999999999999984e-01
1.408000000000000085e-01
2.228999999999999870e-01
1.466000000000000081e-01
2.199000000000000121e-01
1.388000000000000067e-01
2.258000000000000007e-01
1.446999999999999953e-01
2.218999999999999861e-01
1.368999999999999939e-01
2.316999999999999893e-01
1.408000000000000085e-01
2.278000000000000025e-01
1.320000000000000062e-01
2.374999999999999889e-01
1.378000000000000058e-01
2.346000000000000030e-01
1.416999999999999926e-01
2.472999999999999921e-01
1.320000000000000062e-01
2.454000000000000070e-01
1.348999999999999921e-01
2.600000000000000089e-01
1.202000000000000013e-01
2.600000000000000089e-01
1.241000000000000020e-01
2.776000000000000134e-01
1.074999999999999983e-01
2.766000000000000125e-01
1.113999999999999990e-01
2.933000000000000052e-01
9.379999999999999449e-02
2.903000000000000025e-01
9.969999999999999696e-02
2.786000000000000143e-01
8.309999999999999332e-02
2.913000000000000034e-01
9.289999999999999647e-02
2.757000000000000006e-01
8.110000000000000542e-02
2.834999999999999742e-01
9.379999999999999449e-02
2.649000000000000243e-01
8.699999999999999400e-02
2.669000000000000261e-01
1.016999999999999987e-01
2.501999999999999780e-01
9.679999999999999716e-02
2.521999999999999797e-01
1.105000000000000010e-01
2.384999999999999898e-01
1.222000000000000031e-01
2.414000000000000035e-01
1.173000000000000015e-01
2.326000000000000012e-01
1.270999999999999908e-01
2.366000000000000048e-01
1.232000000000000040e-01
2.286999999999999866e-01
1.310000000000000053e-01
2.346000000000000030e-01
1.280999999999999917e-01
2.286999999999999866e-01
1.338999999999999913e-01
2.228999999999999870e-01
1.300000000000000044e-01
2.286999999999999866e-01
1.348999999999999921e-01
2.228999999999999870e-01
1.310000000000000053e-01
2.296999999999999875e-01
1.358999999999999930e-01
2.268000000000000016e-01
1.300000000000000044e-01
2.326000000000000012e-01
1.338999999999999913e-01
2.296999999999999875e-01
1.270999999999999908e-01
2.366000000000000048e-01
1.300000000000000044e-01
2.346000000000000030e-01
1.348999999999999921e-01
2.444000000000000061e-01
1.290000000000000036e-01
2.434000000000000052e-01
1.300000000000000044e-01
2.550999999999999934e-01
1.202000000000000013e-01
2.541999999999999815e-01
1.202000000000000013e-01
2.707999999999999852e-01
1.084999999999999992e-01
2.707999999999999852e-01
1.074999999999999983e-01
2.923000000000000043e-01
9.089999999999999469e-02
2.913000000000000034e-01
9.089999999999999469e-02
2.933000000000000052e-01
7.040000000000000424e-02
3.109000000000000097e-01
7.230000000000000315e-02
3.079000000000000070e-01
5.380000000000000060e-02
3.235999999999999988e-01
6.060000000000000109e-02
3.128000000000000225e-01
4.590000000000000330e-02
3.215999999999999970e-01
6.260000000000000286e-02
3.039999999999999925e-01
5.179999999999999882e-02
3.089000000000000079e-01
7.040000000000000424e-02
2.853999999999999870e-01
8.799999999999999489e-02
2.873999999999999888e-01
8.409999999999999420e-02
2.677999999999999825e-01
9.969999999999999696e-02
2.707999999999999852e-01
9.679999999999999716e-02
2.541999999999999815e-01
1.095000000000000001e-01
2.580999999999999961e-01
1.055999999999999994e-01
2.462999999999999912e-01
1.163000000000000006e-01
2.374999999999999889e-01
1.123999999999999999e-01
2.434000000000000052e-01
1.212000000000000022e-01
2.366000000000000048e-01
1.163000000000000006e-01
2.434000000000000052e-01
1.250999999999999890e-01
2.366000000000000048e-01
1.183000000000000024e-01
2.454000000000000070e-01
1.241000000000000020e-01
2.374999999999999889e-01
1.193000000000000033e-01
2.462999999999999912e-01
1.222000000000000031e-01
2.424000000000000044e-01
1.280999999999999917e-01
2.511999999999999789e-01
1.183000000000000024e-01
2.492999999999999938e-01
1.232000000000000040e-01
2.600000000000000089e-01
1.123999999999999999e-01
2.590000000000000080e-01
1.173000000000000015e-01
2.707999999999999852e-01
1.055999999999999994e-01
2.726999999999999980e-01
1.074999999999999983e-01
2.873999999999999888e-01
9.089999999999999469e-02
2.913000000000000034e-01
8.989999999999999380e-02
2.933000000000000052e-01
7.230000000000000315e-02
3.156999999999999806e-01
6.940000000000000335e-02
3.156999999999999806e-01
5.079999999999999793e-02
3.342999999999999861e-01
4.989999999999999991e-02
3.294000000000000261e-01
3.810000000000000192e-02
3.412000000000000033e-01
4.299999999999999656e-02
3.284000000000000252e-01
4.009999999999999676e-02
3.294000000000000261e-01
5.079999999999999793e-02
3.128000000000000225e-01
6.840000000000000246e-02
3.079000000000000070e-01
6.550000000000000266e-02
2.903000000000000025e-01
8.019999999999999352e-02
2.863999999999999879e-01
8.019999999999999352e-02
2.726999999999999980e-01
9.289999999999999647e-02
2.716999999999999971e-01
9.379999999999999449e-02
2.620000000000000107e-01
1.035999999999999976e-01
2.531999999999999806e-01
1.016999999999999987e-01
2.541999999999999815e-01
1.095000000000000001e-01
2.492999999999999938e-01
1.095000000000000001e-01
2.521999999999999797e-01
1.144000000000000017e-01
2.482999999999999929e-01
1.123999999999999999e-01
2.521999999999999797e-01
1.173000000000000015e-01
2.482999999999999929e-01
1.134000000000000008e-01
2.531999999999999806e-01
1.163000000000000006e-01
2.511999999999999789e-01
1.212000000000000022e-01
2.570999999999999952e-01
1.144000000000000017e-01
2.560999999999999943e-01
1.173000000000000015e-01
2.630000000000000115e-01
1.105000000000000010e-01
2.649000000000000243e-01
1.105000000000000010e-01
2.736999999999999988e-01
1.025999999999999968e-01
2.786000000000000143e-01
1.016999999999999987e-01
2.913000000000000034e-01
8.899999999999999578e-02
3.010999999999999788e-01
8.210000000000000631e-02
3.109000000000000097e-01
6.260000000000000286e-02
3.362999999999999878e-01
4.590000000000000330e-02
3.558000000000000052e-01
1.170000000000000033e-02
3.968999999999999750e-01
0.000000000000000000e+00
4.555000000000000160e-01
0.000000000000000000e+00
6.314999999999999503e-01
0.000000000000000000e+00
6.343999999999999639e-01
0.000000000000000000e+00
5.727999999999999758e-01
3.420000000000000123e-02
4.789999999999999813e-01
6.740000000000000158e-02
4.223000000000000087e-01
7.430000000000000493e-02
3.724000000000000088e-01
8.799999999999999489e-02
3.459999999999999742e-01
8.989999999999999380e-02
3.225999999999999979e-01
9.969999999999999696e-02
3.089000000000000079e-01
1.035999999999999976e-01
2.933000000000000052e-01
1.095000000000000001e-01
2.796000000000000152e-01
1.105000000000000010e-01
2.757000000000000006e-01
1.163000000000000006e-01
2.687999999999999834e-01
1.163000000000000006e-01
2.687999999999999834e-01
1.193000000000000033e-01
2.630000000000000115e-01
1.193000000000000033e-01
2.649000000000000243e-01
1.202000000000000013e-01
2.610000000000000098e-01
1.212000000000000022e-01
2.620000000000000107e-01
1.212000000000000022e-01
2.620000000000000107e-01
1.212000000000000022e-01
2.639000000000000234e-01
1.193000000000000033e-01
2.659000000000000252e-01
1.193000000000000033e-01
2.669000000000000261e-01
1.152999999999999997e-01
2.697999999999999843e-01
1.144000000000000017e-01
2.736999999999999988e-01
1.105000000000000010e-01
2.796000000000000152e-01
1.064999999999999974e-01
2.834999999999999742e-01
1.006999999999999978e-01
2.933000000000000052e-01
9.379999999999999449e-02
3.000999999999999779e-01
8.799999999999999489e-02
3.109000000000000097e-01
7.920000000000000651e-02
3.195999999999999952e-01
7.430000000000000493e-02
3.294000000000000261e-01
6.260000000000000286e-02
3.371999999999999997e-01
6.060000000000000109e-02
3.421000000000000152e-01
4.989999999999999991e-02
3.469999999999999751e-01
4.989999999999999991e-02
3.441000000000000170e-01
4.399999999999999745e-02
3.451000000000000179e-01
4.399999999999999745e-02
3.362999999999999878e-01
4.689999999999999725e-02
3.304000000000000270e-01
5.279999999999999971e-02
3.156999999999999806e-01
6.060000000000000109e-02
3.079000000000000070e-01
6.550000000000000266e-02
2.913000000000000034e-01
7.530000000000000582e-02
2.853999999999999870e-01
8.019999999999999352e-02
2.766000000000000125e-01
8.899999999999999578e-02
2.707999999999999852e-01
9.379999999999999449e-02
2.659000000000000252e-01
1.006999999999999978e-01
2.600000000000000089e-01
1.035999999999999976e-01
2.590000000000000080e-01
1.095000000000000001e-01
2.560999999999999943e-01
1.095000000000000001e-01
2.560999999999999943e-01
1.152999999999999997e-01
2.541999999999999815e-01
1.134000000000000008e-01
2.560999999999999943e-01
1.144000000000000017e-01
2.531999999999999806e-01
1.152999999999999997e-01
2.570999999999999952e-01
1.123999999999999999e-01
2.541999999999999815e-01
1.144000000000000017e-01
2.590000000000000080e-01
1.123999999999999999e-01
2.560999999999999943e-01
1.134000000000000008e-01
2.659000000000000252e-01
1.084999999999999992e-01
2.600000000000000089e-01
1.105000000000000010e-01
2.736999999999999988e-01
1.006999999999999978e-01
2.844999999999999751e-01
1.045999999999999985e-01
2.883999999999999897e-01
8.989999999999999380e-02
3.000999999999999779e-01
9.379999999999999449e-02
3.039999999999999925e-01
7.330000000000000404e-02
3.225999999999999979e-01
8.019999999999999352e-02
3.235999999999999988e-01
5.380000000000000060e-02
3.451000000000000179e-01
6.450000000000000178e-02
3.362999999999999878e-01
4.009999999999999676e-02
3.558000000000000052e-01
3.130000000000000143e-02
3.332999999999999852e-01
4.299999999999999656e-02
3.441000000000000170e-01
3.710000000000000103e-02
3.128000000000000225e-01
5.770000000000000129e-02
3.186999999999999833e-01
5.670000000000000040e-02
2.883999999999999897e-01
7.820000000000000562e-02
2.923000000000000043e-01
7.330000000000000404e-02
2.903000000000000025e-01
9.379999999999999449e-02
2.726999999999999980e-01
8.899999999999999578e-02
2.736999999999999988e-01
1.095000000000000001e-01
2.580999999999999961e-01
1.016999999999999987e-01
2.639000000000000234e-01
1.183000000000000024e-01
2.492999999999999938e-01
1.113999999999999990e-01
2.570999999999999952e-01
1.241000000000000020e-01
2.444000000000000061e-01
1.183000000000000024e-01
2.531999999999999806e-01
1.134000000000000008e-01
2.414000000000000035e-01
1.222000000000000031e-01
2.501999999999999780e-01
1.144000000000000017e-01
2.404999999999999916e-01
1.250999999999999890e-01
2.501999999999999780e-01
1.163000000000000006e-01
2.414000000000000035e-01
1.241000000000000020e-01
2.531999999999999806e-01
1.152999999999999997e-01
2.444000000000000061e-01
1.250999999999999890e-01
2.570999999999999952e-01
1.134000000000000008e-01
2.716999999999999971e-01
1.232000000000000040e-01
2.659000000000000252e-01
1.105000000000000010e-01
2.824999999999999734e-01
1.183000000000000024e-01
2.757000000000000006e-01
9.969999999999999696e-02
2.980999999999999761e-01
1.113999999999999990e-01
2.893000000000000016e-01
8.899999999999999578e-02
3.128000000000000225e-01
1.084999999999999992e-01
3.010999999999999788e-01
7.620000000000000384e-02
3.255000000000000115e-01
5.380000000000000060e-02
3.010999999999999788e-01
7.140000000000000513e-02
3.245000000000000107e-01
5.469999999999999862e-02
2.913000000000000034e-01
7.920000000000000651e-02
3.109000000000000097e-01
6.450000000000000178e-02
2.687999999999999834e-01
9.289999999999999647e-02
2.863999999999999879e-01
8.210000000000000631e-02
2.893000000000000016e-01
1.113999999999999990e-01
2.649000000000000243e-01
9.869999999999999607e-02
2.677999999999999825e-01
1.270999999999999908e-01
2.444000000000000061e-01
1.134000000000000008e-01
2.541999999999999815e-01
1.398000000000000076e-01
2.326000000000000012e-01
1.241000000000000020e-01
2.454000000000000070e-01
1.486000000000000099e-01
2.238999999999999879e-01
1.338999999999999913e-01
2.384999999999999898e-01
1.250999999999999890e-01
2.190000000000000002e-01
1.408000000000000085e-01
2.356000000000000039e-01
1.310000000000000053e-01
2.159999999999999976e-01
1.466000000000000081e-01
2.316999999999999893e-01
1.338999999999999913e-01
2.131000000000000116e-01
1.514999999999999958e-01
2.306999999999999884e-01
1.358999999999999930e-01
2.111000000000000099e-01
1.564000000000000112e-01
2.286999999999999866e-01
1.378000000000000058e-01
2.462999999999999912e-01
1.584000000000000130e-01
2.286999999999999866e-01
1.408000000000000085e-01
2.501999999999999780e-01
1.612999999999999989e-01
2.306999999999999884e-01
1.416999999999999926e-01
2.560999999999999943e-01
1.632000000000000117e-01
2.366000000000000048e-01
1.398000000000000076e-01
2.630000000000000115e-01
1.661999999999999866e-01
2.394999999999999907e-01
1.378000000000000058e-01
2.697999999999999843e-01
1.064999999999999974e-01
2.394999999999999907e-01
1.368999999999999939e-01
2.726999999999999980e-01
1.025999999999999968e-01
2.336000000000000021e-01
1.388000000000000067e-01
2.659000000000000252e-01
1.064999999999999974e-01
2.238999999999999879e-01
1.456999999999999962e-01
2.531999999999999806e-01
1.173000000000000015e-01
2.736999999999999988e-01
1.544000000000000095e-01
2.326000000000000012e-01
1.290000000000000036e-01
2.492999999999999938e-01
1.632000000000000117e-01
2.159999999999999976e-01
1.416999999999999926e-01
2.336000000000000021e-01
1.701000000000000012e-01
2.033000000000000085e-01
1.504999999999999949e-01
2.209000000000000130e-01
1.759999999999999898e-01
1.965000000000000080e-01
1.622999999999999998e-01
2.141000000000000125e-01
1.476000000000000090e-01
1.915999999999999925e-01
1.671999999999999875e-01
2.081999999999999962e-01
1.524999999999999967e-01
1.905999999999999917e-01
1.739999999999999880e-01
2.033000000000000085e-01
1.592999999999999972e-01
1.847999999999999921e-01
1.779000000000000026e-01
1.983999999999999930e-01
1.642000000000000126e-01
1.837999999999999912e-01
1.827999999999999903e-01
1.955000000000000071e-01
1.691000000000000003e-01
2.111000000000000099e-01
1.877000000000000057e-01
1.935000000000000053e-01
1.739999999999999880e-01
2.081999999999999962e-01
1.895999999999999908e-01
1.905999999999999917e-01
1.789000000000000035e-01
2.063000000000000111e-01
1.915999999999999925e-01
1.867000000000000048e-01
1.817999999999999894e-01
2.003999999999999948e-01
1.915999999999999925e-01
1.847999999999999921e-01
1.847999999999999921e-01
1.975000000000000089e-01
1.711000000000000021e-01
1.837999999999999912e-01
1.887000000000000066e-01
1.945000000000000062e-01
1.749999999999999889e-01
1.827999999999999903e-01
1.905999999999999917e-01
1.915999999999999925e-01
1.789000000000000035e-01
1.837999999999999912e-01
1.915999999999999925e-01
1.887000000000000066e-01
1.817999999999999894e-01
2.023000000000000076e-01
1.945000000000000062e-01
1.877000000000000057e-01
1.857000000000000040e-01
2.003999999999999948e-01
1.945000000000000062e-01
1.857000000000000040e-01
1.887000000000000066e-01
1.965000000000000080e-01
1.955000000000000071e-01
1.847999999999999921e-01
1.935000000000000053e-01
1.935000000000000053e-01
1.965000000000000080e-01
1.847999999999999921e-01
1.925999999999999934e-01
1.895999999999999908e-01
1.817999999999999894e-01
1.827999999999999903e-01
1.955000000000000071e-01
1.877000000000000057e-01
1.867000000000000048e-01
1.827999999999999903e-01
1.965000000000000080e-01
1.867000000000000048e-01
1.887000000000000066e-01
1.817999999999999894e-01
1.965000000000000080e-01
1.857000000000000040e-01
1.925999999999999934e-01
1.799000000000000044e-01
1.975000000000000089e-01
1.847999999999999921e-01
1.935000000000000053e-01
1.915999999999999925e-01
1.983999999999999930e-01
1.847999999999999921e-01
1.955000000000000071e-01
1.895999999999999908e-01
1.993999999999999939e-01
1.827999999999999903e-01
1.955000000000000071e-01
1.877000000000000057e-01
2.003999999999999948e-01
1.827999999999999903e-01
1.965000000000000080e-01
1.857000000000000040e-01
2.003999999999999948e-01
1.817999999999999894e-01
1.975000000000000089e-01
1.847999999999999921e-01
1.935000000000000053e-01
1.807999999999999885e-01
1.983999999999999930e-01
1.847999999999999921e-01
1.945000000000000062e-01
1.799000000000000044e-01
1.993999999999999939e-01
1.837999999999999912e-01
1.965000000000000080e-01
1.799000000000000044e-01
2.003999999999999948e-01
1.827999999999999903e-01
1.975000000000000089e-01
1.877000000000000057e-01
2.013999999999999957e-01
1.827999999999999903e-01
1.975000000000000089e-01
1.867000000000000048e-01
2.033000000000000085e-01
1.817999999999999894e-01
1.993999999999999939e-01
1.867000000000000048e-01
2.033000000000000085e-01
1.807999999999999885e-01
2.003999999999999948e-01
1.857000000000000040e-01
2.071999999999999953e-01
1.799000000000000044e-01
2.023000000000000076e-01
1.857000000000000040e-01
1.983999999999999930e-01
1.799000000000000044e-01
2.043000000000000094e-01
1.847999999999999921e-01
2.003999999999999948e-01
1.789000000000000035e-01
2.091999999999999971e-01
1.837999999999999912e-01
2.043000000000000094e-01
1.769000000000000017e-01
2.121000000000000107e-01
1.837999999999999912e-01
2.063000000000000111e-01
1.739999999999999880e-01
2.169999999999999984e-01
1.817999999999999894e-01
2.111000000000000099e-01
1.905999999999999917e-01
2.247999999999999998e-01
1.789000000000000035e-01
2.169999999999999984e-01
1.887000000000000066e-01
2.346000000000000030e-01
1.739999999999999880e-01
2.238999999999999879e-01
1.847999999999999921e-01
2.414000000000000035e-01
1.680999999999999994e-01
2.316999999999999893e-01
1.789000000000000035e-01
2.472999999999999921e-01
1.592999999999999972e-01
2.336000000000000021e-01
1.729999999999999871e-01
2.190000000000000002e-01
1.544000000000000095e-01
2.326000000000000012e-01
1.691000000000000003e-01
2.159999999999999976e-01
1.524999999999999967e-01
2.268000000000000016e-01
1.661999999999999866e-01
2.111000000000000099e-01
1.524999999999999967e-01
2.179999999999999993e-01
1.632000000000000117e-01
2.043000000000000094e-01
1.719999999999999862e-01
2.111000000000000099e-01
1.632000000000000117e-01
2.023000000000000076e-01
1.719999999999999862e-01
2.081999999999999962e-01
1.642000000000000126e-01
2.013999999999999957e-01
1.719999999999999862e-01
2.081999999999999962e-01
1.671999999999999875e-01
2.023000000000000076e-01
1.719999999999999862e-01
2.091999999999999971e-01
1.671999999999999875e-01
2.033000000000000085e-01
1.719999999999999862e-01
2.003999999999999948e-01
1.680999999999999994e-01
2.063000000000000111e-01
1.729999999999999871e-01
2.013999999999999957e-01
1.680999999999999994e-01
2.071999999999999953e-01
1.729999999999999871e-01
2.033000000000000085e-01
1.671999999999999875e-01
2.091999999999999971e-01
1.719999999999999862e-01
2.063000000000000111e-01
1.661999999999999866e-01
2.131000000000000116e-01
1.711000000000000021e-01
2.081999999999999962e-01
1.769000000000000017e-01
2.169999999999999984e-01
1.691000000000000003e-01
2.141000000000000125e-01
1.739999999999999880e-01
2.238999999999999879e-01
1.661999999999999866e-01
2.190000000000000002e-01
1.711000000000000021e-01
2.336000000000000021e-01
1.602999999999999980e-01
2.296999999999999875e-01
1.671999999999999875e-01
2.462999999999999912e-01
1.496000000000000107e-01
2.434000000000000052e-01
1.584000000000000130e-01
2.356000000000000039e-01
1.348999999999999921e-01
2.590000000000000080e-01
1.446999999999999953e-01
2.482999999999999929e-01
1.202000000000000013e-01
2.707999999999999852e-01
1.358999999999999930e-01
2.511999999999999789e-01
1.173000000000000015e-01
2.677999999999999825e-01
1.358999999999999930e-01
2.454000000000000070e-01
1.534999999999999976e-01
2.560999999999999943e-01
1.388000000000000067e-01
2.346000000000000030e-01
1.534999999999999976e-01
2.424000000000000044e-01
1.436999999999999944e-01
2.258000000000000007e-01
1.574000000000000121e-01
2.316999999999999893e-01
1.476000000000000090e-01
2.199000000000000121e-01
1.574000000000000121e-01
2.258000000000000007e-01
1.504999999999999949e-01
2.179999999999999993e-01
1.592999999999999972e-01
2.091999999999999971e-01
1.534999999999999976e-01
2.159999999999999976e-01
1.622999999999999998e-01
2.091999999999999971e-01
1.564000000000000112e-01
2.169999999999999984e-01
1.632000000000000117e-01
2.111000000000000099e-01
1.574000000000000121e-01
2.169999999999999984e-01
1.622999999999999998e-01
2.121000000000000107e-01
1.564000000000000112e-01
2.190000000000000002e-01
1.622999999999999998e-01
2.151000000000000134e-01
1.671999999999999875e-01
2.218999999999999861e-01
1.612999999999999989e-01
2.169999999999999984e-01
1.661999999999999866e-01
2.258000000000000007e-01
1.592999999999999972e-01
2.228999999999999870e-01
1.642000000000000126e-01
2.306999999999999884e-01
1.564000000000000112e-01
2.268000000000000016e-01
1.612999999999999989e-01
2.384999999999999898e-01
1.524999999999999967e-01
2.346000000000000030e-01
1.574000000000000121e-01
2.316999999999999893e-01
1.456999999999999962e-01
2.462999999999999912e-01
1.504999999999999949e-01
2.434000000000000052e-01
1.338999999999999913e-01
2.630000000000000115e-01
1.388000000000000067e-01
2.560999999999999943e-01
1.202000000000000013e-01
2.766000000000000125e-01
1.260999999999999899e-01
2.687999999999999834e-01
1.348999999999999921e-01
2.883999999999999897e-01
1.163000000000000006e-01
2.746999999999999997e-01
1.290000000000000036e-01
2.893000000000000016e-01
1.123999999999999999e-01
2.707999999999999852e-01
1.270999999999999908e-01
2.796000000000000152e-01
1.163000000000000006e-01
2.590000000000000080e-01
1.320000000000000062e-01
2.649000000000000243e-01
1.241000000000000020e-01
2.472999999999999921e-01
1.378000000000000058e-01
2.306999999999999884e-01
1.320000000000000062e-01
2.374999999999999889e-01
1.436999999999999944e-01
2.258000000000000007e-01
1.378000000000000058e-01
2.316999999999999893e-01
1.476000000000000090e-01
2.228999999999999870e-01
1.416999999999999926e-01
2.306999999999999884e-01
1.504999999999999949e-01
2.228999999999999870e-01
1.436999999999999944e-01
2.286999999999999866e-01
1.514999999999999958e-01
2.228999999999999870e-01
1.584000000000000130e-01
2.296999999999999875e-01
1.524999999999999967e-01
2.247999999999999998e-01
1.584000000000000130e-01
2.306999999999999884e-01
1.524999999999999967e-01
2.258000000000000007e-01
1.574000000000000121e-01
2.346000000000000030e-01
1.514999999999999958e-01
2.306999999999999884e-01
1.554000000000000103e-01
2.384999999999999898e-01
1.496000000000000107e-01
2.356000000000000039e-01
1.534999999999999976e-01
2.316999999999999893e-01
1.446999999999999953e-01
2.424000000000000044e-01
1.486000000000000099e-01
2.404999999999999916e-01
1.368999999999999939e-01
2.541999999999999815e-01
1.408000000000000085e-01
2.511999999999999789e-01
1.270999999999999908e-01
2.697999999999999843e-01
1.300000000000000044e-01
2.697999999999999843e-01
1.338999999999999913e-01
2.903000000000000025e-01
1.113999999999999990e-01
2.893000000000000016e-01
1.144000000000000017e-01
3.138000000000000234e-01
9.089999999999999469e-02
3.079000000000000070e-01
9.869999999999999607e-02
3.294000000000000261e-01
7.720000000000000473e-02
3.156999999999999806e-01
9.089999999999999469e-02
3.294000000000000261e-01
7.720000000000000473e-02
3.089000000000000079e-01
9.579999999999999627e-02
2.863999999999999879e-01
8.799999999999999489e-02
2.903000000000000025e-01
1.064999999999999974e-01
2.669000000000000261e-01
1.035999999999999976e-01
2.697999999999999843e-01
1.173000000000000015e-01
2.521999999999999797e-01
1.152999999999999997e-01
2.560999999999999943e-01
1.270999999999999908e-01
2.424000000000000044e-01
1.232000000000000040e-01
2.472999999999999921e-01
1.328999999999999904e-01
2.384999999999999898e-01
1.426999999999999935e-01
2.434000000000000052e-01
1.368999999999999939e-01
2.356000000000000039e-01
1.446999999999999953e-01
2.414000000000000035e-01
1.398000000000000076e-01
2.356000000000000039e-01
1.456999999999999962e-01
2.424000000000000044e-01
1.408000000000000085e-01
2.374999999999999889e-01
1.466000000000000081e-01
2.434000000000000052e-01
1.416999999999999926e-01
2.404999999999999916e-01
1.456999999999999962e-01
2.366000000000000048e-01
1.398000000000000076e-01
2.444000000000000061e-01
1.436999999999999944e-01
2.404999999999999916e-01
1.358999999999999930e-01
2.501999999999999780e-01
1.408000000000000085e-01
2.462999999999999912e-01
1.320000000000000062e-01
2.570999999999999952e-01
1.338999999999999913e-01
2.570999999999999952e-01
1.378000000000000058e-01
2.707999999999999852e-01
1.260999999999999899e-01
2.707999999999999852e-01
1.270999999999999908e-01
2.883999999999999897e-01
1.084999999999999992e-01
2.923000000000000043e-01
1.074999999999999983e-01
3.138000000000000234e-01
8.699999999999999400e-02
3.176999999999999824e-01
8.210000000000000631e-02
3.421000000000000152e-01
5.870000000000000218e-02
3.421000000000000152e-01
5.870000000000000218e-02
3.362999999999999878e-01
3.910000000000000281e-02
3.518999999999999906e-01
5.279999999999999971e-02
3.352999999999999869e-01
4.299999999999999656e-02
3.382000000000000006e-01
6.450000000000000178e-02
3.138000000000000234e-01
6.260000000000000286e-02
3.109000000000000097e-01
8.409999999999999420e-02
2.873999999999999888e-01
8.309999999999999332e-02
2.853999999999999870e-01
1.025999999999999968e-01
2.659000000000000252e-01
1.173000000000000015e-01
2.659000000000000252e-01
1.163000000000000006e-01
2.521999999999999797e-01
1.270999999999999908e-01
2.541999999999999815e-01
1.250999999999999890e-01
2.434000000000000052e-01
1.348999999999999921e-01
2.482999999999999929e-01
1.328999999999999904e-01
2.404999999999999916e-01
1.408000000000000085e-01
2.454000000000000070e-01
1.378000000000000058e-01
2.384999999999999898e-01
1.426999999999999935e-01
2.336000000000000021e-01
1.388000000000000067e-01
2.384999999999999898e-01
1.446999999999999953e-01
2.336000000000000021e-01
1.408000000000000085e-01
2.404999999999999916e-01
1.456999999999999962e-01
2.356000000000000039e-01
1.416999999999999926e-01
2.414000000000000035e-01
1.456999999999999962e-01
2.356000000000000039e-01
1.496000000000000107e-01
2.434000000000000052e-01
1.456999999999999962e-01
2.384999999999999898e-01
1.504999999999999949e-01
2.434000000000000052e-01
1.456999999999999962e-01
2.394999999999999907e-01
1.504999999999999949e-01
2.444000000000000061e-01
1.446999999999999953e-01
2.414000000000000035e-01
1.496000000000000107e-01
2.444000000000000061e-01
1.436999999999999944e-01
2.424000000000000044e-01
1.486000000000000099e-01
2.374999999999999889e-01
1.436999999999999944e-01
2.424000000000000044e-01
1.476000000000000090e-01
2.384999999999999898e-01
1.426999999999999935e-01
2.444000000000000061e-01
1.456999999999999962e-01
2.394999999999999907e-01
1.408000000000000085e-01
2.444000000000000061e-01
1.446999999999999953e-01
2.424000000000000044e-01
1.416999999999999926e-01
2.462999999999999912e-01
1.436999999999999944e-01
2.424000000000000044e-01
1.476000000000000090e-01
2.462999999999999912e-01
1.426999999999999935e-01
2.444000000000000061e-01
1.466000000000000081e-01
2.472999999999999921e-01
1.426999999999999935e-01
2.454000000000000070e-01
1.466000000000000081e-01
2.482999999999999929e-01
1.416999999999999926e-01
2.462999999999999912e-01
1.436999999999999944e-01
2.492999999999999938e-01
1.398000000000000076e-01
2.472999999999999921e-01
1.436999999999999944e-01
2.434000000000000052e-01
1.408000000000000085e-01
2.472999999999999921e-01
1.426999999999999935e-01
2.472999999999999921e-01
1.398000000000000076e-01
2.482999999999999929e-01
1.426999999999999935e-01
2.462999999999999912e-01
1.388000000000000067e-01
2.501999999999999780e-01
1.408000000000000085e-01
2.472999999999999921e-01
1.446999999999999953e-01
2.511999999999999789e-01
1.398000000000000076e-01
2.492999999999999938e-01
1.416999999999999926e-01
2.531999999999999806e-01
1.388000000000000067e-01
2.501999999999999780e-01
1.426999999999999935e-01
2.541999999999999815e-01
1.388000000000000067e-01
2.531999999999999806e-01
1.398000000000000076e-01
2.560999999999999943e-01
1.348999999999999921e-01
2.560999999999999943e-01
1.378000000000000058e-01
2.541999999999999815e-01
1.328999999999999904e-01
2.610000000000000098e-01
1.348999999999999921e-01
2.610000000000000098e-01
1.290000000000000036e-01
2.687999999999999834e-01
1.280999999999999917e-01
2.687999999999999834e-01
1.232000000000000040e-01
2.766000000000000125e-01
1.193000000000000033e-01
2.805000000000000271e-01
1.144000000000000017e-01
2.923000000000000043e-01
1.105000000000000010e-01
2.980999999999999761e-01
1.045999999999999985e-01
3.099000000000000088e-01
9.379999999999999449e-02
3.186999999999999833e-01
8.799999999999999489e-02
3.313999999999999724e-01
7.530000000000000582e-02
3.371999999999999997e-01
6.840000000000000246e-02
3.469999999999999751e-01
5.770000000000000129e-02
3.499999999999999778e-01
5.469999999999999862e-02
3.528999999999999915e-01
4.789999999999999813e-02
3.538999999999999924e-01
4.789999999999999813e-02
3.479999999999999760e-01
4.689999999999999725e-02
3.451000000000000179e-01
5.380000000000000060e-02
3.304000000000000270e-01
6.060000000000000109e-02
3.195999999999999952e-01
7.140000000000000513e-02
3.049999999999999933e-01
8.210000000000000631e-02
2.962000000000000188e-01
9.089999999999999469e-02
2.834999999999999742e-01
9.969999999999999696e-02
2.786000000000000143e-01
1.055999999999999994e-01
2.726999999999999980e-01
1.134000000000000008e-01
2.687999999999999834e-01
1.144000000000000017e-01
2.659000000000000252e-01
1.193000000000000033e-01
2.630000000000000115e-01
1.202000000000000013e-01
2.630000000000000115e-01
1.232000000000000040e-01
2.600000000000000089e-01
1.250999999999999890e-01
2.620000000000000107e-01
1.241000000000000020e-01
2.620000000000000107e-01
1.260999999999999899e-01
2.630000000000000115e-01
1.260999999999999899e-01
2.630000000000000115e-01
1.260999999999999899e-01
2.659000000000000252e-01
1.241000000000000020e-01
2.669000000000000261e-01
1.250999999999999890e-01
2.687999999999999834e-01
1.212000000000000022e-01
2.726999999999999980e-01
1.222000000000000031e-01
2.766000000000000125e-01
1.163000000000000006e-01
2.853999999999999870e-01
1.113999999999999990e-01
2.883999999999999897e-01
1.064999999999999974e-01
2.990999999999999770e-01
9.579999999999999627e-02
3.049999999999999933e-01
9.089999999999999469e-02
3.215999999999999970e-01
7.530000000000000582e-02
3.284000000000000252e-01
6.740000000000000158e-02
3.489999999999999769e-01
4.889999999999999902e-02
3.518999999999999906e-01
4.499999999999999833e-02
3.704999999999999960e-01
2.929999999999999966e-02
3.803000000000000269e-01
3.520000000000000212e-02
3.744000000000000106e-01
2.829999999999999877e-02
3.734000000000000097e-01
4.499999999999999833e-02
3.558000000000000052e-01
4.299999999999999656e-02
3.451000000000000179e-01
6.650000000000000355e-02
3.225999999999999979e-01
6.650000000000000355e-02
3.128000000000000225e-01
7.430000000000000493e-02
2.933000000000000052e-01
8.799999999999999489e-02
2.873999999999999888e-01
9.379999999999999449e-02
2.716999999999999971e-01
1.055999999999999994e-01
2.716999999999999971e-01
1.084999999999999992e-01
2.580999999999999961e-01
1.183000000000000024e-01
2.610000000000000098e-01
1.212000000000000022e-01
2.492999999999999938e-01
1.290000000000000036e-01
2.541999999999999815e-01
1.270999999999999908e-01
2.550999999999999934e-01
1.368999999999999939e-01
2.511999999999999789e-01
1.328999999999999904e-01
2.511999999999999789e-01
1.416999999999999926e-01
2.462999999999999912e-01
1.358999999999999930e-01
2.501999999999999780e-01
1.456999999999999962e-01
2.434000000000000052e-01
1.388000000000000067e-01
2.492999999999999938e-01
1.476000000000000090e-01
2.424000000000000044e-01
1.416999999999999926e-01
2.472999999999999921e-01
1.388000000000000067e-01
2.384999999999999898e-01
1.446999999999999953e-01
2.472999999999999921e-01
1.388000000000000067e-01
2.374999999999999889e-01
1.466000000000000081e-01
2.444000000000000061e-01
1.408000000000000085e-01
2.356000000000000039e-01
1.476000000000000090e-01
2.424000000000000044e-01
1.416999999999999926e-01
2.356000000000000039e-01
1.496000000000000107e-01
2.414000000000000035e-01
1.436999999999999944e-01
2.462999999999999912e-01
1.504999999999999949e-01
2.384999999999999898e-01
1.446999999999999953e-01
2.454000000000000070e-01
1.524999999999999967e-01
2.366000000000000048e-01
1.456999999999999962e-01
2.444000000000000061e-01
1.534999999999999976e-01
2.356000000000000039e-01
1.456999999999999962e-01
2.414000000000000035e-01
1.416999999999999926e-01
2.336000000000000021e-01
1.496000000000000107e-01
2.394999999999999907e-01
1.416999999999999926e-01
2.316999999999999893e-01
1.514999999999999958e-01
2.384999999999999898e-01
1.426999999999999935e-01
2.296999999999999875e-01
1.514999999999999958e-01
2.366000000000000048e-01
1.446999999999999953e-01
2.286999999999999866e-01
1.514999999999999958e-01
2.366000000000000048e-01
1.466000000000000081e-01
2.424000000000000044e-01
1.544000000000000095e-01
2.336000000000000021e-01
1.486000000000000099e-01
2.404999999999999916e-01
1.584000000000000130e-01
2.326000000000000012e-01
1.504999999999999949e-01
2.384999999999999898e-01
1.622999999999999998e-01
2.306999999999999884e-01
1.524999999999999967e-01
2.366000000000000048e-01
1.652000000000000135e-01
2.278000000000000025e-01
1.524999999999999967e-01
2.346000000000000030e-01
1.466000000000000081e-01
2.238999999999999879e-01
1.554000000000000103e-01
2.326000000000000012e-01
1.496000000000000107e-01
2.190000000000000002e-01
1.574000000000000121e-01
2.306999999999999884e-01
1.504999999999999949e-01
2.159999999999999976e-01
1.602999999999999980e-01
2.278000000000000025e-01
1.514999999999999958e-01
2.131000000000000116e-01
1.642000000000000126e-01
2.238999999999999879e-01
1.544000000000000095e-01
2.306999999999999884e-01
1.680999999999999994e-01
2.209000000000000130e-01
1.564000000000000112e-01
2.278000000000000025e-01
1.701000000000000012e-01
2.169999999999999984e-01
1.584000000000000130e-01
2.258000000000000007e-01
1.711000000000000021e-01
2.131000000000000116e-01
1.602999999999999980e-01
2.238999999999999879e-01
1.534999999999999976e-01
2.111000000000000099e-01
1.622999999999999998e-01
2.228999999999999870e-01
1.544000000000000095e-01
2.101999999999999980e-01
1.661999999999999866e-01
2.209000000000000130e-01
1.554000000000000103e-01
2.081999999999999962e-01
1.680999999999999994e-01
2.190000000000000002e-01
1.574000000000000121e-01
2.043000000000000094e-01
1.719999999999999862e-01
2.159999999999999976e-01
1.602999999999999980e-01
2.278000000000000025e-01
1.729999999999999871e-01
2.131000000000000116e-01
1.622999999999999998e-01
2.247999999999999998e-01
1.759999999999999898e-01
2.111000000000000099e-01
1.652000000000000135e-01
2.228999999999999870e-01
1.799000000000000044e-01
2.081999999999999962e-01
1.652000000000000135e-01
2.199000000000000121e-01
1.827999999999999903e-01
2.043000000000000094e-01
1.680999999999999994e-01
2.159999999999999976e-01
1.564000000000000112e-01
1.993999999999999939e-01
1.701000000000000012e-01
2.151000000000000134e-01
1.592999999999999972e-01
1.983999999999999930e-01
1.739999999999999880e-01
2.121000000000000107e-01
1.622999999999999998e-01
1.945000000000000062e-01
1.789000000000000035e-01
2.101999999999999980e-01
1.652000000000000135e-01
1.935000000000000053e-01
1.827999999999999903e-01
2.071999999999999953e-01
1.661999999999999866e-01
2.190000000000000002e-01
1.847999999999999921e-01
2.033000000000000085e-01
1.691000000000000003e-01
2.159999999999999976e-01
1.867000000000000048e-01
1.983999999999999930e-01
1.729999999999999871e-01
2.141000000000000125e-01
1.887000000000000066e-01
1.955000000000000071e-01
1.759999999999999898e-01
2.101999999999999980e-01
1.602999999999999980e-01
1.905999999999999917e-01
1.779000000000000026e-01
2.053000000000000103e-01
1.602999999999999980e-01
1.847999999999999921e-01
1.799000000000000044e-01
1.975000000000000089e-01
1.602999999999999980e-01
1.837999999999999912e-01
1.837999999999999912e-01
1.935000000000000053e-01
1.642000000000000126e-01
1.817999999999999894e-01
1.817999999999999894e-01
1.887000000000000066e-01
1.691000000000000003e-01
2.101999999999999980e-01
1.837999999999999912e-01
1.877000000000000057e-01
1.769000000000000017e-01
2.063000000000000111e-01
1.867000000000000048e-01
1.905999999999999917e-01
1.807999999999999885e-01
2.023000000000000076e-01
1.887000000000000066e-01
1.895999999999999908e-01
1.827999999999999903e-01
1.975000000000000089e-01
1.905999999999999917e-01
1.877000000000000057e-01
1.867000000000000048e-01
1.955000000000000071e-01
1.759999999999999898e-01
1.877000000000000057e-01
1.915999999999999925e-01
1.955000000000000071e-01
1.837999999999999912e-01
1.887000000000000066e-01
1.965000000000000080e-01
1.975000000000000089e-01
1.905999999999999917e-01
1.905999999999999917e-01
1.975000000000000089e-01
1.955000000000000071e-01
1.935000000000000053e-01
1.887000000000000066e-01
1.993999999999999939e-01
1.935000000000000053e-01
1.945000000000000062e-01
1.993999999999999939e-01
1.993999999999999939e-01
1.915999999999999925e-01
1.945000000000000062e-01
1.975000000000000089e-01
1.993999999999999939e-01
1.895999999999999908e-01
1.955000000000000071e-01
1.945000000000000062e-01
2.013999999999999957e-01
1.877000000000000057e-01
2.023000000000000076e-01
1.935000000000000053e-01
1.965000000000000080e-01
1.877000000000000057e-01
2.033000000000000085e-01
1.895999999999999908e-01
1.975000000000000089e-01
1.847999999999999921e-01
2.033000000000000085e-01
1.915999999999999925e-01
2.121000000000000107e-01
2.111000000000000099e-01
2.336000000000000021e-01
2.414000000000000035e-01
2.336000000000000021e-01
2.374999999999999889e-01
2.258000000000000007e-01
2.179999999999999993e-01
2.238999999999999879e-01
2.053000000000000103e-01
2.199000000000000121e-01
1.955000000000000071e-01
2.169999999999999984e-01
1.847999999999999921e-01
2.151000000000000134e-01
1.827999999999999903e-01
2.159999999999999976e-01
1.789000000000000035e-01
2.151000000000000134e-01
1.749999999999999889e-01
2.169999999999999984e-01
1.729999999999999871e-01
2.131000000000000116e-01
1.729999999999999871e-01
2.151000000000000134e-01
1.701000000000000012e-01
2.151000000000000134e-01
1.711000000000000021e-01
2.131000000000000116e-01
1.711000000000000021e-01
2.131000000000000116e-01
1.729999999999999871e-01
2.131000000000000116e-01
1.711000000000000021e-01
2.151000000000000134e-01
1.719999999999999862e-01
2.131000000000000116e-01
1.691000000000000003e-01
2.159999999999999976e-01
1.691000000000000003e-01
2.141000000000000125e-01
1.661999999999999866e-01
2.151000000000000134e-01
1.632000000000000117e-01
2.101999999999999980e-01
1.652000000000000135e-01
2.091999999999999971e-01
1.632000000000000117e-01
2.071999999999999953e-01
1.632000000000000117e-01
2.081999999999999962e-01
1.612999999999999989e-01
2.063000000000000111e-01
1.632000000000000117e-01
2.081999999999999962e-01
1.592999999999999972e-01
2.111000000000000099e-01
1.612999999999999989e-01
2.101999999999999980e-01
1.622999999999999998e-01
2.131000000000000116e-01
1.632000000000000117e-01
2.121000000000000107e-01
1.632000000000000117e-01
2.141000000000000125e-01
1.652000000000000135e-01
2.111000000000000099e-01
1.652000000000000135e-01
2.141000000000000125e-01
1.671999999999999875e-01
2.131000000000000116e-01
1.671999999999999875e-01
2.151000000000000134e-01
1.642000000000000126e-01
2.131000000000000116e-01
1.671999999999999875e-01
2.141000000000000125e-01
1.652000000000000135e-01
2.131000000000000116e-01
1.671999999999999875e-01
2.151000000000000134e-01
1.661999999999999866e-01
2.131000000000000116e-01
1.680999999999999994e-01
2.159999999999999976e-01
1.661999999999999866e-01
2.141000000000000125e-01
1.671999999999999875e-01
2.151000000000000134e-01
1.661999999999999866e-01
2.169999999999999984e-01
1.671999999999999875e-01
2.151000000000000134e-01
1.642000000000000126e-01
2.179999999999999993e-01
1.680999999999999994e-01
2.159999999999999976e-01
1.652000000000000135e-01
2.169999999999999984e-01
1.671999999999999875e-01
2.141000000000000125e-01
1.661999999999999866e-01
2.141000000000000125e-01
1.691000000000000003e-01
2.111000000000000099e-01
1.680999999999999994e-01
2.121000000000000107e-01
1.671999999999999875e-01
2.101999999999999980e-01
1.701000000000000012e-01
2.131000000000000116e-01
1.691000000000000003e-01
2.131000000000000116e-01
1.701000000000000012e-01
2.179999999999999993e-01
1.691000000000000003e-01
2.209000000000000130e-01
1.701000000000000012e-01
2.228999999999999870e-01
1.719999999999999862e-01
2.247999999999999998e-01
1.739999999999999880e-01
2.238999999999999879e-01
1.749999999999999889e-01
2.258000000000000007e-01
1.769000000000000017e-01
2.247999999999999998e-01
1.749999999999999889e-01
2.238999999999999879e-01
1.769000000000000017e-01
2.228999999999999870e-01
1.749999999999999889e-01
2.228999999999999870e-01
1.729999999999999871e-01
2.209000000000000130e-01
1.711000000000000021e-01
2.199000000000000121e-01
1.701000000000000012e-01
2.190000000000000002e-01
1.701000000000000012e-01
2.190000000000000002e-01
1.680999999999999994e-01
2.190000000000000002e-01
1.680999999999999994e-01
2.179999999999999993e-01
1.661999999999999866e-01
2.169999999999999984e-01
1.680999999999999994e-01
2.159999999999999976e-01
1.661999999999999866e-01
2.151000000000000134e-01
1.661999999999999866e-01
2.159999999999999976e-01
1.671999999999999875e-01
2.141000000000000125e-01
1.691000000000000003e-01
2.111000000000000099e-01
1.701000000000000012e-01
2.121000000000000107e-01
1.701000000000000012e-01
2.091999999999999971e-01
1.729999999999999871e-01
2.091999999999999971e-01
1.729999999999999871e-01
2.121000000000000107e-01
1.749999999999999889e-01
2.033000000000000085e-01
1.691000000000000003e-01
2.190000000000000002e-01
1.749999999999999889e-01
2.091999999999999971e-01
1.729999999999999871e-01
2.081999999999999962e-01
1.691000000000000003e-01
2.121000000000000107e-01
1.719999999999999862e-01
2.131000000000000116e-01
1.719999999999999862e-01
2.111000000000000099e-01
1.701000000000000012e-01
2.151000000000000134e-01
1.680999999999999994e-01
2.151000000000000134e-01
1.680999999999999994e-01
2.151000000000000134e-01
1.661999999999999866e-01
2.151000000000000134e-01
1.661999999999999866e-01
2.159999999999999976e-01
1.652000000000000135e-01
2.141000000000000125e-01
1.691000000000000003e-01
2.121000000000000107e-01
1.680999999999999994e-01
2.141000000000000125e-01
1.691000000000000003e-01
2.141000000000000125e-01
1.671999999999999875e-01
2.141000000000000125e-01
1.680999999999999994e-01
2.121000000000000107e-01
1.691000000000000003e-01
2.131000000000000116e-01
1.711000000000000021e-01
2.091999999999999971e-01
1.749999999999999889e-01
2.091999999999999971e-01
1.799000000000000044e-01
2.063000000000000111e-01
1.817999999999999894e-01
2.063000000000000111e-01
1.837999999999999912e-01
2.033000000000000085e-01
1.857000000000000040e-01
2.043000000000000094e-01
1.877000000000000057e-01
2.003999999999999948e-01
1.915999999999999925e-01
1.975000000000000089e-01
1.955000000000000071e-01
1.935000000000000053e-01
1.955000000000000071e-01
1.925999999999999934e-01
1.975000000000000089e-01
1.915999999999999925e-01
1.955000000000000071e-01
1.895999999999999908e-01
1.945000000000000062e-01
1.895999999999999908e-01
1.935000000000000053e-01
1.895999999999999908e-01
1.935000000000000053e-01
1.887000000000000066e-01
1.935000000000000053e-01
1.895999999999999908e-01
1.915999999999999925e-01
1.895999999999999908e-01
1.915999999999999925e-01
1.925999999999999934e-01
1.915999999999999925e-01
1.925999999999999934e-01
1.915999999999999925e-01
1.915999999999999925e-01
1.915999999999999925e-01
1.905999999999999917e-01
1.915999999999999925e-01
1.905999999999999917e-01
1.915999999999999925e-01
1.925999999999999934e-01
1.935000000000000053e-01
1.915999999999999925e-01
1.915999999999999925e-01
1.915999999999999925e-01
1.925999999999999934e-01
1.925999999999999934e-01
1.925999999999999934e-01
1.935000000000000053e-01
1.935000000000000053e-01
1.945000000000000062e-01
1.925999999999999934e-01
1.945000000000000062e-01
1.925999999999999934e-01
1.945000000000000062e-01
1.935000000000000053e-01
1.965000000000000080e-01
1.887000000000000066e-01
1.975000000000000089e-01
1.887000000000000066e-01
1.983999999999999930e-01
1.887000000000000066e-01
1.993999999999999939e-01
1.887000000000000066e-01
1.975000000000000089e-01
1.895999999999999908e-01
1.993999999999999939e-01
1.877000000000000057e-01
1.993999999999999939e-01
1.887000000000000066e-01
2.013999999999999957e-01
1.857000000000000040e-01
2.003999999999999948e-01
1.877000000000000057e-01
1.993999999999999939e-01
1.867000000000000048e-01
1.993999999999999939e-01
1.877000000000000057e-01
1.983999999999999930e-01
1.857000000000000040e-01
2.003999999999999948e-01
1.857000000000000040e-01
1.993999999999999939e-01
1.837999999999999912e-01
2.013999999999999957e-01
1.847999999999999921e-01
2.013999999999999957e-01
1.837999999999999912e-01
2.013999999999999957e-01
1.877000000000000057e-01
2.003999999999999948e-01
1.895999999999999908e-01
2.033000000000000085e-01
1.877000000000000057e-01
2.023000000000000076e-01
1.887000000000000066e-01
2.023000000000000076e-01
1.867000000000000048e-01
2.013999999999999957e-01
1.895999999999999908e-01
2.023000000000000076e-01
1.887000000000000066e-01
2.003999999999999948e-01
1.915999999999999925e-01
1.993999999999999939e-01
1.602999999999999980e-01
2.258000000000000007e-01
5.960000000000000020e-02
2.521999999999999797e-01
9.479999999999999538e-02
2.404999999999999916e-01
1.789000000000000035e-01
3.225999999999999979e-01
1.338999999999999913e-01
3.205999999999999961e-01
1.163000000000000006e-01
3.089000000000000079e-01
9.779999999999999805e-02
3.128000000000000225e-01
9.969999999999999696e-02
3.029999999999999916e-01
1.025999999999999968e-01
3.099000000000000088e-01
9.089999999999999469e-02
3.029999999999999916e-01
9.289999999999999647e-02
3.156999999999999806e-01
7.820000000000000562e-02
3.128000000000000225e-01
8.409999999999999420e-02
3.195999999999999952e-01
7.720000000000000473e-02
3.128000000000000225e-01
8.019999999999999352e-02
3.225999999999999979e-01
7.140000000000000513e-02
3.148000000000000242e-01
8.110000000000000542e-02
3.099000000000000088e-01
6.940000000000000335e-02
3.176999999999999824e-01
7.920000000000000651e-02
3.109000000000000097e-01
7.040000000000000424e-02
3.205999999999999961e-01
7.820000000000000562e-02
3.128000000000000225e-01
7.040000000000000424e-02
3.215999999999999970e-01
7.820000000000000562e-02
3.128000000000000225e-01
7.230000000000000315e-02
